Num       RefCount Protocol Flags    Type St Inode Path
0000000000000000: 00000002 00000000 00010000 0001 01 15683 /run/systemd/private
0000000000000000: 00000002 00000000 00010000 0001 01 40238 @/tmp/.ICE-unix/2137
0000000000000000: 00000002 00000000 00000000 0002 01 38397 /run/user/1000/systemd/notify
0000000000000000: 00000002 00000000 00000000 0002 01 31947 /run/user/121/systemd/notify
0000000000000000: 00000002 00000000 00010000 0005 01 15695 /run/udev/control
0000000000000000: 00000002 00000000 00000000 0002 01 15693 /run/systemd/journal/syslog
0000000000000000: 00000002 00000000 00010000 0001 01 38400 /run/user/1000/systemd/private
0000000000000000: 00000002 00000000 00010000 0001 01 31950 /run/user/121/systemd/private
0000000000000000: 00000002 00000000 00010000 0001 01 15697 /run/systemd/journal/stdout
0000000000000000: 00000002 00000000 00010000 0001 01 38404 /run/user/1000/gnupg/S.gpg-agent.ssh
0000000000000000: 00000002 00000000 00010000 0001 01 32839 /run/user/121/gnupg/S.dirmngr
0000000000000000: 0000000A 00000000 00000000 0002 01 15699 /run/systemd/journal/socket
0000000000000000: 00000002 00000000 00010000 0001 01 38405 /run/user/1000/gnupg/S.gpg-agent.browser
0000000000000000: 00000002 00000000 00010000 0001 01 38406 /run/user/1000/gnupg/S.dirmngr
0000000000000000: 00000002 00000000 00010000 0001 01 32840 /run/user/121/pulse/native
0000000000000000: 00000002 00000000 00010000 0001 01 38407 /run/user/1000/gnupg/S.gpg-agent
0000000000000000: 00000002 00000000 00010000 0001 01 32841 /run/user/121/bus
0000000000000000: 00000002 00000000 00010000 0001 01 38408 /run/user/1000/gnupg/S.gpg-agent.extra
0000000000000000: 00000002 00000000 00010000 0001 01 32842 /run/user/121/gnupg/S.gpg-agent.browser
0000000000000000: 00000002 00000000 00010000 0001 01 15708 /run/systemd/fsck.progress
0000000000000000: 00000002 00000000 00010000 0001 01 38409 /run/user/1000/snapd-session-agent.socket
0000000000000000: 00000002 00000000 00010000 0001 01 32843 /run/user/121/gnupg/S.gpg-agent
0000000000000000: 00000002 00000000 00010000 0001 01 38410 /run/user/1000/bus
0000000000000000: 00000002 00000000 00010000 0001 01 39010 /var/run/docker/containerd/docker-containerd-debug.sock
0000000000000000: 00000002 00000000 00010000 0001 01 32844 /run/user/121/gnupg/S.gpg-agent.ssh
0000000000000000: 00000002 00000000 00010000 0001 01 39011 /var/run/docker/containerd/docker-containerd.sock
0000000000000000: 00000002 00000000 00010000 0001 01 32845 /run/user/121/gnupg/S.gpg-agent.extra
0000000000000000: 00000002 00000000 00010000 0001 01 40112 /run/user/1000/keyring/control
0000000000000000: 00000002 00000000 00010000 0001 01 38031 /var/run/docker/metrics.sock
0000000000000000: 00000002 00000000 00010000 0001 01 32846 /run/user/121/snapd-session-agent.socket
0000000000000000: 00000002 00000000 00010000 0001 01 28443 @irqbalance910.sock
0000000000000000: 00000018 00000000 00000000 0002 01 15716 /run/systemd/journal/dev-log
0000000000000000: 00000002 00000000 00010000 0001 01 39090 /run/docker/libnetwork/a5ab5b35c5f246a02f1a5ea38c6a299e353bc7cf90c700a4cb38dd716300263c.sock
0000000000000000: 00000002 00000000 00010000 0001 01 32103 /run/user/121/wayland-0
0000000000000000: 00000002 00000000 00010000 0001 01 41087 /run/user/1000/keyring/ssh
0000000000000000: 00000002 00000000 00010000 0001 01 41090 /run/user/1000/keyring/pkcs11
0000000000000000: 00000002 00000000 00010000 0001 01 38591 /run/user/1000/pulse/native
0000000000000000: 00000002 00000000 00010000 0001 01 30701 @/tmp/.ICE-unix/1163
0000000000000000: 00000002 00000000 00010000 0001 01 38454 @/tmp/.X11-unix/X0
0000000000000000: 00000002 00000000 00010000 0001 01 20417 /run/uuidd/request
0000000000000000: 00000002 00000000 00010000 0001 01 20419 /var/run/docker.sock
0000000000000000: 00000002 00000000 00010000 0001 01 30584 @/tmp/dbus-eeUFCGbJ
0000000000000000: 00000002 00000000 00010000 0001 01 20422 /run/snapd.socket
0000000000000000: 00000002 00000000 00010000 0001 01 20424 /run/snapd-snap.socket
0000000000000000: 00000002 00000000 00010000 0001 01 20427 /var/run/dbus/system_bus_socket
0000000000000000: 00000002 00000000 00010000 0001 01 20429 /run/avahi-daemon/socket
0000000000000000: 00000002 00000000 00010000 0001 01 20433 /run/acpid.socket
0000000000000000: 00000002 00000000 00010000 0001 01 61544 /run/cups/cups.sock
0000000000000000: 00000002 00000000 00010000 0001 01 39382 @/tmp/dbus-oObCxov6
0000000000000000: 00000002 00000000 00010000 0001 01 30702 /tmp/.ICE-unix/1163
0000000000000000: 00000002 00000000 00010000 0001 01 33081 /tmp/.X11-unix/X1024
0000000000000000: 00000002 00000000 00010000 0001 01 38455 /tmp/.X11-unix/X0
0000000000000000: 00000002 00000000 00010000 0001 01 36264 /run/NetworkManager/private-dhcp
0000000000000000: 00000002 00000000 00010000 0001 01 40239 /tmp/.ICE-unix/2137
0000000000000000: 00000002 00000000 00010000 0001 01 39381 @/tmp/dbus-ecG6osyr
0000000000000000: 00000002 00000000 00010000 0001 01 35152 @/tmp/dbus-gjhqI2mw
0000000000000000: 00000002 00000000 00010000 0001 01 30585 @/tmp/dbus-Ts9gruq5
0000000000000000: 00000002 00000000 00010000 0001 01 40177 /tmp/ssh-1IDN73msbHvA/agent.2137
0000000000000000: 00000002 00000000 00010000 0001 01 30023 /var/run/postgresql/.s.PGSQL.5432
0000000000000000: 00000002 00000000 00010000 0001 01 32124 @/tmp/dbus-U6AkTG0AZz
0000000000000000: 00000002 00000000 00010000 0001 01 42473 /tmp/.com.google.Chrome.1S9sJX/SingletonSocket
0000000000000000: 00000002 00000000 00010000 0001 01 38628 @/tmp/dbus-YhKXwo8b
0000000000000000: 00000002 00000000 00010000 0001 01 30681 /run/containerd/containerd.sock
0000000000000000: 00000002 00000000 00010000 0001 01 30587 @/tmp/dbus-gSR35vCe
0000000000000000: 00000003 00000000 00000000 0005 03 42360 @0000e
0000000000000000: 00000002 00000000 00010000 0001 01 33801 /run/mongodb/mongodb-27017.sock
0000000000000000: 00000002 00000000 00000000 0002 01 33101 /run/wpa_supplicant/wlp0s20f3
0000000000000000: 00000002 00000000 00010000 0001 01 30586 @/tmp/dbus-6FPkUelQ
0000000000000000: 00000002 00000000 00010000 0001 01 110274 socket
0000000000000000: 00000002 00000000 00010000 0001 01 33080 @/tmp/.X11-unix/X1024
0000000000000000: 00000002 00000000 00010000 0001 01 41064 @/tmp/dbus-hZHSFtDmSn
0000000000000000: 00000003 00000000 00000000 0002 01 15680 /run/systemd/notify
0000000000000000: 00000003 00000000 00000000 0001 03 41205
0000000000000000: 00000003 00000000 00000000 0001 03 38578 /run/user/1000/bus
0000000000000000: 00000003 00000000 00000000 0001 03 37989 /var/run/dbus/system_bus_socket
0000000000000000: 00000003 00000000 00000000 0001 03 35302
0000000000000000: 00000003 00000000 00000000 0001 03 118453
0000000000000000: 00000003 00000000 00000000 0001 03 38800 /run/user/1000/bus
0000000000000000: 00000003 00000000 00000000 0001 03 40291 /var/run/dbus/system_bus_socket
0000000000000000: 00000003 00000000 00000000 0001 03 109179
0000000000000000: 00000003 00000000 00000000 0001 03 68133
0000000000000000: 00000003 00000000 00000000 0001 03 41569
0000000000000000: 00000003 00000000 00000000 0001 03 32748 /run/systemd/journal/stdout
0000000000000000: 00000003 00000000 00000000 0001 03 32118 /run/user/121/bus
0000000000000000: 00000003 00000000 00000000 0001 03 34828 /var/run/dbus/system_bus_socket
0000000000000000: 00000002 00000000 00000000 0002 01 29237
0000000000000000: 00000003 00000000 00000000 0001 03 29710
0000000000000000: 00000003 00000000 00000000 0001 03 41715
0000000000000000: 00000003 00000000 00000000 0001 03 42099
0000000000000000: 00000003 00000000 00000000 0001 03 41199 /run/systemd/journal/stdout
0000000000000000: 00000003 00000000 00000000 0001 03 39585
0000000000000000: 00000003 00000000 00000000 0001 03 35313 @/tmp/dbus-U6AkTG0AZz
0000000000000000: 00000003 00000000 00000000 0001 03 111710 @/tmp/.X11-unix/X0
0000000000000000: 00000003 00000000 00000000 0001 03 40706
0000000000000000: 00000003 00000000 00000000 0001 03 38556
0000000000000000: 00000002 00000000 00000000 0002 01 31909
0000000000000000: 00000003 00000000 00000000 0001 03 121925
0000000000000000: 00000003 00000000 00000000 0001 03 109197
0000000000000000: 00000003 00000000 00000000 0001 03 43397
0000000000000000: 00000003 00000000 00000000 0001 03 41644
0000000000000000: 00000003 00000000 00000000 0001 03 35843
0000000000000000: 00000003 00000000 00000000 0001 03 20458 /run/systemd/journal/stdout
0000000000000000: 00000003 00000000 00000000 0001 03 41737
0000000000000000: 00000003 00000000 00000000 0001 03 42114
0000000000000000: 00000003 00000000 00000000 0001 03 30047 /var/run/dbus/system_bus_socket
0000000000000000: 00000003 00000000 00000000 0001 03 38859 @/tmp/.X11-unix/X0
0000000000000000: 00000003 00000000 00000000 0001 03 39648 @/tmp/dbus-hZHSFtDmSn
0000000000000000: 00000003 00000000 00000000 0001 03 35303 @/tmp/dbus-U6AkTG0AZz
0000000000000000: 00000002 00000000 00000000 0002 01 29550
0000000000000000: 00000003 00000000 00000000 0001 03 81418
0000000000000000: 00000003 00000000 00000000 0001 03 40775
0000000000000000: 00000003 00000000 00000000 0001 03 40326 /run/user/1000/bus
0000000000000000: 00000003 00000000 00000000 0001 03 114606
0000000000000000: 00000003 00000000 00000000 0001 03 48155 /var/run/dbus/system_bus_socket
0000000000000000: 00000003 00000000 00000000 0005 03 43231
0000000000000000: 00000003 00000000 00000000 0001 03 41572
0000000000000000: 00000003 00000000 00000000 0001 03 32746
0000000000000000: 00000003 00000000 00000000 0001 03 32117
0000000000000000: 00000003 00000000 00000000 0001 03 31740 /var/run/dbus/system_bus_socket
0000000000000000: 00000003 00000000 00000000 0001 03 28441
0000000000000000: 00000003 00000000 00000000 0001 03 19336 /run/systemd/journal/stdout
0000000000000000: 00000003 00000000 00000000 0001 03 41736
0000000000000000: 00000003 00000000 00000000 0001 03 41316 /run/systemd/journal/stdout
0000000000000000: 00000003 00000000 00000000 0001 03 41198
0000000000000000: 00000003 00000000 00000000 0001 03 38571 /run/systemd/journal/stdout
0000000000000000: 00000003 00000000 00000000 0001 03 35192 /run/user/121/bus
0000000000000000: 00000003 00000000 00000000 0001 03 110574
0000000000000000: 00000003 00000000 00000000 0001 03 39788 @/tmp/dbus-hZHSFtDmSn
0000000000000000: 00000003 00000000 00000000 0001 03 41079 /var/run/dbus/system_bus_socket
0000000000000000: 00000003 00000000 00000000 0001 03 121886
0000000000000000: 00000003 00000000 00000000 0001 03 119996
0000000000000000: 00000002 00000000 00000000 0002 01 105245
0000000000000000: 00000003 00000000 00000000 0001 03 67321 @/dbus-vfs-daemon/socket-xO15LSjE
0000000000000000: 00000003 00000000 00000000 0001 03 47305
0000000000000000: 00000003 00000000 00000000 0001 03 42311 /run/user/1000/bus
0000000000000000: 00000003 00000000 00000000 0001 03 34782 /run/systemd/journal/stdout
0000000000000000: 00000003 00000000 00000000 0002 01 31948
0000000000000000: 00000003 00000000 00000000 0001 03 31897
0000000000000000: 00000003 00000000 00000000 0001 03 27434
0000000000000000: 00000002 00000000 00000000 0002 01  2603
0000000000000000: 00000003 00000000 00000000 0001 03 41749
0000000000000000: 00000003 00000000 00000000 0001 03 41377 /var/run/dbus/system_bus_socket
0000000000000000: 00000003 00000000 00000000 0001 03 26380
0000000000000000: 00000003 00000000 00000000 0001 03 41234
0000000000000000: 00000003 00000000 00000000 0001 03 38593 /run/user/1000/pulse/native
0000000000000000: 00000003 00000000 00000000 0001 03 35312
0000000000000000: 00000002 00000000 00000000 0002 01 31722
0000000000000000: 00000003 00000000 00000000 0001 03 40705
0000000000000000: 00000003 00000000 00000000 0001 03 38670
0000000000000000: 00000003 00000000 00000000 0005 03 43241
0000000000000000: 00000003 00000000 00000000 0001 03 41567
0000000000000000: 00000003 00000000 00000000 0001 03 32751 @/tmp/.X11-unix/X1024
0000000000000000: 00000003 00000000 00000000 0001 03 31984 /var/run/dbus/system_bus_socket
0000000000000000: 00000003 00000000 00000000 0001 03 29382 /var/run/dbus/system_bus_socket
0000000000000000: 00000003 00000000 00000000 0001 03 29803
0000000000000000: 00000003 00000000 00000000 0001 03 28211
0000000000000000: 00000003 00000000 00000000 0001 03 123020
0000000000000000: 00000003 00000000 00000000 0001 03 41750
0000000000000000: 00000003 00000000 00000000 0001 03 42106
0000000000000000: 00000003 00000000 00000000 0001 03 111716
0000000000000000: 00000003 00000000 00000000 0001 03 41201 /run/systemd/journal/stdout
0000000000000000: 00000003 00000000 00000000 0001 03 39586
0000000000000000: 00000003 00000000 00000000 0001 03 35308 /var/run/dbus/system_bus_socket
0000000000000000: 00000003 00000000 00000000 0001 03 40745
0000000000000000: 00000003 00000000 00000000 0001 03 72004
0000000000000000: 00000003 00000000 00000000 0005 03 43242
0000000000000000: 00000003 00000000 00000000 0001 03 41570 /run/systemd/journal/stdout
0000000000000000: 00000003 00000000 00000000 0001 03 36714
0000000000000000: 00000003 00000000 00000000 0001 03 32701
0000000000000000: 00000003 00000000 00000000 0001 03 29381
0000000000000000: 00000002 00000000 00000000 0002 01 26309
0000000000000000: 00000003 00000000 00000000 0001 03 41753
0000000000000000: 00000003 00000000 00000000 0001 03 41373 /var/run/dbus/system_bus_socket
0000000000000000: 00000003 00000000 00000000 0001 03 38887 @/tmp/.X11-unix/X0
0000000000000000: 00000003 00000000 00000000 0001 03 39638
0000000000000000: 00000003 00000000 00000000 0001 03 35217 @/tmp/.X11-unix/X1024
0000000000000000: 00000003 00000000 00000000 0001 03 40753
0000000000000000: 00000003 00000000 00000000 0001 03 39641 @/tmp/.X11-unix/X0
0000000000000000: 00000003 00000000 00000000 0001 03 116844
0000000000000000: 00000003 00000000 00000000 0001 03 104261
0000000000000000: 00000003 00000000 00000000 0001 03 69388 /run/systemd/journal/stdout
0000000000000000: 00000003 00000000 00000000 0001 03 43236
0000000000000000: 00000003 00000000 00000000 0001 03 41624
0000000000000000: 00000003 00000000 00000000 0001 03 34781 /run/systemd/journal/stdout
0000000000000000: 00000003 00000000 00000000 0002 01 31949
0000000000000000: 00000003 00000000 00000000 0001 03 29805 /run/systemd/journal/stdout
0000000000000000: 00000002 00000000 00000000 0002 01 28123
0000000000000000: 00000003 00000000 00000000 0001 03 46444 /run/user/1000/bus
0000000000000000: 00000003 00000000 00000000 0001 03 42107 @/tmp/dbus-hZHSFtDmSn
0000000000000000: 00000003 00000000 00000000 0001 03 28128 /var/run/dbus/system_bus_socket
0000000000000000: 00000003 00000000 00000000 0001 03 110305
0000000000000000: 00000003 00000000 00000000 0001 03 40755 /run/user/1000/bus
0000000000000000: 00000003 00000000 00000000 0001 03 38674 /run/user/1000/bus
0000000000000000: 00000003 00000000 00000000 0001 03 35307
0000000000000000: 00000003 00000000 00000000 0001 03 110306
0000000000000000: 00000003 00000000 00000000 0001 03 38771 /run/systemd/journal/stdout
0000000000000000: 00000003 00000000 00000000 0001 03 40347 /run/systemd/journal/stdout
0000000000000000: 00000003 00000000 00000000 0001 03 116843
0000000000000000: 00000003 00000000 00000000 0001 03 100654
0000000000000000: 00000003 00000000 00000000 0001 03 43235
0000000000000000: 00000003 00000000 00000000 0001 03 41580
0000000000000000: 00000003 00000000 00000000 0001 03 33514 @/tmp/.X11-unix/X1024
0000000000000000: 00000003 00000000 00000000 0001 03 32424
0000000000000000: 00000002 00000000 00000000 0002 01 31918
0000000000000000: 00000003 00000000 00000000 0001 03 29549 /run/systemd/journal/stdout
0000000000000000: 00000003 00000000 00000000 0001 03 44881
0000000000000000: 00000003 00000000 00000000 0001 03 41315 /run/systemd/journal/stdout
0000000000000000: 00000003 00000000 00000000 0001 03 101709
0000000000000000: 00000003 00000000 00000000 0001 03 41227
0000000000000000: 00000003 00000000 00000000 0001 03 39647
0000000000000000: 00000003 00000000 00000000 0001 03 35304
0000000000000000: 00000003 00000000 00000000 0001 03 112678
0000000000000000: 00000003 00000000 00000000 0001 03 40721
0000000000000000: 00000003 00000000 00000000 0001 03 38579
0000000000000000: 00000003 00000000 00000000 0001 03 121882
0000000000000000: 00000003 00000000 00000000 0001 03 66266 /var/run/dbus/system_bus_socket
0000000000000000: 00000003 00000000 00000000 0001 03 54919
0000000000000000: 00000003 00000000 00000000 0001 03 44045 /run/systemd/journal/stdout
0000000000000000: 00000003 00000000 00000000 0001 03 32750
0000000000000000: 00000003 00000000 00000000 0001 03 32579
0000000000000000: 00000003 00000000 00000000 0001 03 30689 /run/systemd/journal/stdout
0000000000000000: 00000003 00000000 00000000 0001 03 27433
0000000000000000: 00000003 00000000 00000000 0001 03 30745
0000000000000000: 00000003 00000000 00000000 0002 01 26045
0000000000000000: 00000003 00000000 00000000 0001 03 41716
0000000000000000: 00000003 00000000 00000000 0001 03 42104
0000000000000000: 00000003 00000000 00000000 0001 03 38032
0000000000000000: 00000003 00000000 00000000 0001 03 110303
0000000000000000: 00000003 00000000 00000000 0001 03 41200
0000000000000000: 00000003 00000000 00000000 0001 03 38576 @/tmp/.X11-unix/X0
0000000000000000: 00000003 00000000 00000000 0001 03 33611 /run/user/121/bus
0000000000000000: 00000003 00000000 00000000 0001 03 110575
0000000000000000: 00000003 00000000 00000000 0001 03 38764 /run/systemd/journal/stdout
0000000000000000: 00000002 00000000 00000000 0002 01 38592
0000000000000000: 00000003 00000000 00000000 0001 03 116834
0000000000000000: 00000003 00000000 00000000 0001 03 100653
0000000000000000: 00000003 00000000 00000000 0001 03 43399
0000000000000000: 00000003 00000000 00000000 0001 03 41623
0000000000000000: 00000003 00000000 00000000 0001 03 35845
0000000000000000: 00000003 00000000 00000000 0001 03 33472 /run/systemd/journal/stdout
0000000000000000: 00000003 00000000 00000000 0001 03 32002
0000000000000000: 00000003 00000000 00000000 0001 03 31710 /run/systemd/journal/stdout
0000000000000000: 00000003 00000000 00000000 0001 03 30743
0000000000000000: 00000003 00000000 00000000 0001 03 123021
0000000000000000: 00000003 00000000 00000000 0001 03 44880
0000000000000000: 00000003 00000000 00000000 0001 03 42113
0000000000000000: 00000003 00000000 00000000 0001 03 30046
0000000000000000: 00000003 00000000 00000000 0001 03 101708
0000000000000000: 00000003 00000000 00000000 0001 03 41207
0000000000000000: 00000003 00000000 00000000 0001 03 39649
0000000000000000: 00000003 00000000 00000000 0001 03 34778 /run/systemd/journal/stdout
0000000000000000: 00000003 00000000 00000000 0001 03 41134 /run/systemd/journal/stdout
0000000000000000: 00000003 00000000 00000000 0001 03 38627
0000000000000000: 00000003 00000000 00000000 0001 03 31712 /var/run/dbus/system_bus_socket
0000000000000000: 00000003 00000000 00000000 0001 03 119995
0000000000000000: 00000003 00000000 00000000 0001 03 114607 @/tmp/dbus-YhKXwo8b
0000000000000000: 00000003 00000000 00000000 0001 03 104142
0000000000000000: 00000003 00000000 00000000 0005 03 43232
0000000000000000: 00000003 00000000 00000000 0001 03 41645
0000000000000000: 00000003 00000000 00000000 0001 03 34783 /run/user/121/bus
0000000000000000: 00000003 00000000 00000000 0001 03 32042
0000000000000000: 00000003 00000000 00000000 0001 03 31906
0000000000000000: 00000003 00000000 00000000 0001 03 28364
0000000000000000: 00000003 00000000 00000000 0001 03 26529
0000000000000000: 00000003 00000000 00000000 0001 03 41712
0000000000000000: 00000003 00000000 00000000 0001 03 42100
0000000000000000: 00000003 00000000 00000000 0001 03 35836 /var/run/docker/containerd/docker-containerd.sock
0000000000000000: 00000002 00000000 00000000 0002 01 104957
0000000000000000: 00000003 00000000 00000000 0001 03 41228 /run/systemd/journal/stdout
0000000000000000: 00000003 00000000 00000000 0001 03 39624
0000000000000000: 00000003 00000000 00000000 0001 03 35239
0000000000000000: 00000003 00000000 00000000 0001 03 38765 /run/systemd/journal/stdout
0000000000000000: 00000003 00000000 00000000 0001 03 38668
0000000000000000: 00000003 00000000 00000000 0001 03 116833
0000000000000000: 00000003 00000000 00000000 0001 03 109180
0000000000000000: 00000003 00000000 00000000 0001 03 43400
0000000000000000: 00000002 00000000 00000000 0002 01 41585
0000000000000000: 00000003 00000000 00000000 0001 03 35844
0000000000000000: 00000003 00000000 00000000 0001 03 32909 /var/run/dbus/system_bus_socket
0000000000000000: 00000003 00000000 00000000 0001 03 46443 @/tmp/dbus-hZHSFtDmSn
0000000000000000: 00000003 00000000 00000000 0001 03 40817 @/tmp/.X11-unix/X0
0000000000000000: 00000003 00000000 00000000 0001 03 110304
0000000000000000: 00000003 00000000 00000000 0001 03 41339
0000000000000000: 00000003 00000000 00000000 0001 03 40349 /run/user/1000/bus
0000000000000000: 00000003 00000000 00000000 0001 03 37988
0000000000000000: 00000003 00000000 00000000 0001 03 35238
0000000000000000: 00000003 00000000 00000000 0001 03 112677
0000000000000000: 00000003 00000000 00000000 0001 03 38768 /run/user/1000/bus
0000000000000000: 00000003 00000000 00000000 0001 03 39422 /run/user/1000/bus
0000000000000000: 00000003 00000000 00000000 0001 03 31848
0000000000000000: 00000003 00000000 00000000 0001 03 106331 /run/user/1000/bus
0000000000000000: 00000003 00000000 00000000 0001 03 56955
0000000000000000: 00000003 00000000 00000000 0001 03 43237
0000000000000000: 00000003 00000000 00000000 0001 03 41568 /run/systemd/journal/stdout
0000000000000000: 00000003 00000000 00000000 0001 03 32747 /run/systemd/journal/stdout
0000000000000000: 00000003 00000000 00000000 0001 03 31981
0000000000000000: 00000003 00000000 00000000 0001 03 28741 /run/systemd/journal/stdout
0000000000000000: 00000003 00000000 00000000 0001 03 20601
0000000000000000: 00000003 00000000 00000000 0001 03 42480 @/tmp/dbus-hZHSFtDmSn
0000000000000000: 00000003 00000000 00000000 0001 03 42111
0000000000000000: 00000003 00000000 00000000 0001 03 111658 /run/systemd/journal/stdout
0000000000000000: 00000003 00000000 00000000 0001 03 41177 @/tmp/.X11-unix/X0
0000000000000000: 00000003 00000000 00000000 0001 03 39583
0000000000000000: 00000003 00000000 00000000 0001 03 35315
0000000000000000: 00000003 00000000 00000000 0001 03 40744
0000000000000000: 00000003 00000000 00000000 0001 03 121924
0000000000000000: 00000003 00000000 00000000 0001 03 54918
0000000000000000: 00000003 00000000 00000000 0001 03 48154 @/tmp/.X11-unix/X0
0000000000000000: 00000003 00000000 00000000 0001 03 43398
0000000000000000: 00000003 00000000 00000000 0001 03 43125 @/dbus-vfs-daemon/socket-3VuB5e4E
0000000000000000: 00000003 00000000 00000000 0001 03 32745
0000000000000000: 00000003 00000000 00000000 0001 03 34717 /run/systemd/journal/stdout
0000000000000000: 00000003 00000000 00000000 0001 03 33990 /run/user/121/bus
0000000000000000: 00000003 00000000 00000000 0001 03 31711 /run/systemd/journal/stdout
0000000000000000: 00000003 00000000 00000000 0001 03 29727 /run/systemd/journal/stdout
0000000000000000: 00000003 00000000 00000000 0002 01 26044
0000000000000000: 00000003 00000000 00000000 0001 03 41713
0000000000000000: 00000003 00000000 00000000 0001 03 41347 /run/user/1000/bus
0000000000000000: 00000003 00000000 00000000 0001 03 110254
0000000000000000: 00000003 00000000 00000000 0001 03 41230 /run/systemd/journal/stdout
0000000000000000: 00000003 00000000 00000000 0001 03 39634
0000000000000000: 00000003 00000000 00000000 0001 03 35216
0000000000000000: 00000003 00000000 00000000 0001 03 30017 /var/run/dbus/system_bus_socket
0000000000000000: 00000003 00000000 00000000 0001 03 118454
0000000000000000: 00000003 00000000 00000000 0001 03 40746
0000000000000000: 00000003 00000000 00000000 0001 03 38527
0000000000000000: 00000003 00000000 00000000 0001 03 109196
0000000000000000: 00000003 00000000 00000000 0001 03 43238
0000000000000000: 00000003 00000000 00000000 0001 03 41709
0000000000000000: 00000003 00000000 00000000 0001 03 35864
0000000000000000: 00000003 00000000 00000000 0001 03 31982
0000000000000000: 00000003 00000000 00000000 0001 03 29823 /run/systemd/journal/stdout
0000000000000000: 00000003 00000000 00000000 0001 03 41740
0000000000000000: 00000003 00000000 00000000 0001 03 42116
0000000000000000: 00000003 00000000 00000000 0001 03 110313 @/tmp/.X11-unix/X0
0000000000000000: 00000003 00000000 00000000 0001 03 41229
0000000000000000: 00000003 00000000 00000000 0001 03 40306 /run/user/1000/bus
0000000000000000: 00000003 00000000 00000000 0001 03 34777 /run/systemd/journal/stdout
0000000000000000: 00000003 00000000 00000000 0001 03 111708 @/tmp/.X11-unix/X0
0000000000000000: 00000003 00000000 00000000 0001 03 38772 /run/systemd/journal/stdout
0000000000000000: 00000003 00000000 00000000 0001 03 40186 /run/systemd/journal/stdout
0000000000000000: 00000003 00000000 00000000 0001 03 121885
0000000000000000: 00000003 00000000 00000000 0001 03 104143
0000000000000000: 00000003 00000000 00000000 0001 03 67839
0000000000000000: 00000003 00000000 00000000 0001 03 47302
0000000000000000: 00000003 00000000 00000000 0001 03 42247 /run/user/1000/bus
0000000000000000: 00000003 00000000 00000000 0001 03 36532
0000000000000000: 00000003 00000000 00000000 0001 03 32700 /run/systemd/journal/stdout
0000000000000000: 00000003 00000000 00000000 0001 03 29812 /run/systemd/journal/stdout
0000000000000000: 00000003 00000000 00000000 0001 03 44163 @/tmp/.X11-unix/X0
0000000000000000: 00000003 00000000 00000000 0001 03 42117 @/tmp/dbus-YhKXwo8b
0000000000000000: 00000003 00000000 00000000 0001 03 100428
0000000000000000: 00000003 00000000 00000000 0001 03 42249 /run/user/1000/bus
0000000000000000: 00000003 00000000 00000000 0001 03 41342 @/tmp/.X11-unix/X0
0000000000000000: 00000003 00000000 00000000 0001 03 103319
0000000000000000: 00000003 00000000 00000000 0001 03 104768
0000000000000000: 00000003 00000000 00000000 0001 03 32638
0000000000000000: 00000003 00000000 00000000 0001 03 110836
0000000000000000: 00000003 00000000 00000000 0001 03 42454
0000000000000000: 00000003 00000000 00000000 0001 03 42052
0000000000000000: 00000003 00000000 00000000 0001 03 38728
0000000000000000: 00000003 00000000 00000000 0001 03 37585 /var/run/docker/containerd/docker-containerd.sock
0000000000000000: 00000003 00000000 00000000 0001 03 36924
0000000000000000: 00000003 00000000 00000000 0001 03 32669
0000000000000000: 00000003 00000000 00000000 0001 03 32014 /var/run/dbus/system_bus_socket
0000000000000000: 00000003 00000000 00000000 0001 03 66264 @/tmp/.X11-unix/X0
0000000000000000: 00000003 00000000 00000000 0001 03 55853
0000000000000000: 00000003 00000000 00000000 0001 03 41639 @/tmp/.X11-unix/X0
0000000000000000: 00000003 00000000 00000000 0001 03 40938 @/tmp/dbus-YhKXwo8b
0000000000000000: 00000003 00000000 00000000 0001 03 41341
0000000000000000: 00000002 00000000 00000000 0002 01 35449
0000000000000000: 00000003 00000000 00000000 0001 03 120909
0000000000000000: 00000003 00000000 00000000 0001 03 116337
0000000000000000: 00000003 00000000 00000000 0001 03 104794
0000000000000000: 00000003 00000000 00000000 0001 03 60281
0000000000000000: 00000003 00000000 00000000 0002 01 34964
0000000000000000: 00000003 00000000 00000000 0001 03 32131 @/tmp/dbus-U6AkTG0AZz
0000000000000000: 00000003 00000000 00000000 0001 03 117717
0000000000000000: 00000003 00000000 00000000 0001 03 40942 /run/systemd/journal/stdout
0000000000000000: 00000003 00000000 00000000 0001 03 41993
0000000000000000: 00000003 00000000 00000000 0001 03 39653 /run/systemd/journal/stdout
0000000000000000: 00000003 00000000 00000000 0001 03 40159 /run/systemd/journal/stdout
0000000000000000: 00000003 00000000 00000000 0001 03 36930
0000000000000000: 00000003 00000000 00000000 0001 03 30707 /run/systemd/journal/stdout
0000000000000000: 00000003 00000000 00000000 0001 03 31976 /run/systemd/journal/stdout
0000000000000000: 00000003 00000000 00000000 0001 03 68916
0000000000000000: 00000003 00000000 00000000 0001 03 42478
0000000000000000: 00000002 00000000 00000000 0002 01 41387
0000000000000000: 00000003 00000000 00000000 0001 03 38883
0000000000000000: 00000003 00000000 00000000 0001 03 103255
0000000000000000: 00000003 00000000 00000000 0001 03 46439
0000000000000000: 00000003 00000000 00000000 0001 03 42296
0000000000000000: 00000003 00000000 00000000 0001 03 42293 /run/user/1000/bus
0000000000000000: 00000003 00000000 00000000 0001 03 39652 /run/systemd/journal/stdout
0000000000000000: 00000003 00000000 00000000 0001 03 41068
0000000000000000: 00000003 00000000 00000000 0001 03 33613 /run/user/121/bus
0000000000000000: 00000003 00000000 00000000 0001 03 68849
0000000000000000: 00000003 00000000 00000000 0001 03 55576 /run/user/121/pulse/native
0000000000000000: 00000003 00000000 00000000 0001 03 42456
0000000000000000: 00000003 00000000 00000000 0001 03 41407
0000000000000000: 00000003 00000000 00000000 0001 03 40750 /run/user/1000/bus
0000000000000000: 00000002 00000000 00000000 0002 01 28125
0000000000000000: 00000003 00000000 00000000 0001 03 115128 @/tmp/dbus-hZHSFtDmSn
0000000000000000: 00000003 00000000 00000000 0001 03 32640 /run/systemd/journal/stdout
0000000000000000: 00000002 00000000 00000000 0002 01 29967
0000000000000000: 00000003 00000000 00000000 0001 03 117718
0000000000000000: 00000003 00000000 00000000 0001 03 42253 /var/run/dbus/system_bus_socket
0000000000000000: 00000003 00000000 00000000 0001 03 42053 /run/systemd/journal/stdout
0000000000000000: 00000003 00000000 00000000 0001 03 38687
0000000000000000: 00000003 00000000 00000000 0001 03 41057 /run/user/1000/bus
0000000000000000: 00000003 00000000 00000000 0001 03 39938
0000000000000000: 00000003 00000000 00000000 0001 03 36928
0000000000000000: 00000003 00000000 00000000 0001 03 30706 /run/systemd/journal/stdout
0000000000000000: 00000003 00000000 00000000 0001 03 30679
0000000000000000: 00000003 00000000 00000000 0001 03 42457
0000000000000000: 00000003 00000000 00000000 0001 03 41345
0000000000000000: 00000003 00000000 00000000 0001 03 40747 /run/systemd/journal/stdout
0000000000000000: 00000003 00000000 00000000 0001 03 103263
0000000000000000: 00000003 00000000 00000000 0001 03 102155
0000000000000000: 00000003 00000000 00000000 0001 03 37982 /run/systemd/journal/stdout
0000000000000000: 00000003 00000000 00000000 0001 03 33484 /run/systemd/journal/stdout
0000000000000000: 00000002 00000000 00000000 0002 01 28022
0000000000000000: 00000003 00000000 00000000 0001 03 46079 /run/systemd/journal/stdout
0000000000000000: 00000003 00000000 00000000 0005 03 42357
0000000000000000: 00000003 00000000 00000000 0001 03 38895
0000000000000000: 00000003 00000000 00000000 0001 03 38796 /run/systemd/journal/stdout
0000000000000000: 00000003 00000000 00000000 0001 03 41056
0000000000000000: 00000003 00000000 00000000 0001 03 36889
0000000000000000: 00000003 00000000 00000000 0001 03 30641
0000000000000000: 00000003 00000000 00000000 0001 03 55852
0000000000000000: 00000003 00000000 00000000 0001 03 42469
0000000000000000: 00000003 00000000 00000000 0001 03 40941
0000000000000000: 00000003 00000000 00000000 0001 03 41371
0000000000000000: 00000003 00000000 00000000 0001 03 28127
0000000000000000: 00000003 00000000 00000000 0001 03 122286
0000000000000000: 00000003 00000000 00000000 0001 03 103322 /run/systemd/journal/stdout
0000000000000000: 00000003 00000000 00000000 0001 03 32615
0000000000000000: 00000003 00000000 00000000 0002 01 34963
0000000000000000: 00000003 00000000 00000000 0001 03 46078 /run/systemd/journal/stdout
0000000000000000: 00000003 00000000 00000000 0005 03 42361
0000000000000000: 00000003 00000000 00000000 0001 03 41240 @/tmp/.X11-unix/X0
0000000000000000: 00000002 00000000 00000000 0002 01 38743
0000000000000000: 00000003 00000000 00000000 0001 03 41069
0000000000000000: 00000003 00000000 00000000 0001 03 36888 /run/systemd/journal/stdout
0000000000000000: 00000003 00000000 00000000 0001 03 32016 /run/user/121/bus
0000000000000000: 00000003 00000000 00000000 0001 03 29261
0000000000000000: 00000002 00000000 00000000 0002 01 68872
0000000000000000: 00000003 00000000 00000000 0001 03 42479
0000000000000000: 00000003 00000000 00000000 0001 03 39858 /run/systemd/journal/stdout
0000000000000000: 00000003 00000000 00000000 0001 03 38823
0000000000000000: 00000003 00000000 00000000 0001 03 122295
0000000000000000: 00000003 00000000 00000000 0001 03 103320 /run/systemd/journal/stdout
0000000000000000: 00000002 00000000 00000000 0002 01 90157
0000000000000000: 00000003 00000000 00000000 0001 03 32697
0000000000000000: 00000002 00000000 00000000 0002 01 29911
0000000000000000: 00000003 00000000 00000000 0001 03 28100
0000000000000000: 00000003 00000000 00000000 0001 03 46441
0000000000000000: 00000003 00000000 00000000 0001 03 42297 /var/run/dbus/system_bus_socket
0000000000000000: 00000003 00000000 00000000 0001 03 40796 /run/systemd/journal/stdout
0000000000000000: 00000003 00000000 00000000 0001 03 38794 /run/systemd/journal/stdout
0000000000000000: 00000003 00000000 00000000 0001 03 38532 /run/user/1000/bus
0000000000000000: 00000003 00000000 00000000 0001 03 36865 @/tmp/dbus-gjhqI2mw
0000000000000000: 00000003 00000000 00000000 0001 03 34918
0000000000000000: 00000003 00000000 00000000 0001 03 111231
0000000000000000: 00000003 00000000 00000000 0001 03 68854
0000000000000000: 00000003 00000000 00000000 0001 03 42468
0000000000000000: 00000003 00000000 00000000 0001 03 41370
0000000000000000: 00000003 00000000 00000000 0001 03 38847
0000000000000000: 00000003 00000000 00000000 0001 03 115126 @/tmp/.X11-unix/X0
0000000000000000: 00000003 00000000 00000000 0001 03 99102
0000000000000000: 00000003 00000000 00000000 0001 03 49276
0000000000000000: 00000003 00000000 00000000 0001 03 32641 /run/systemd/journal/stdout
0000000000000000: 00000003 00000000 00000000 0001 03 31715 @/tmp/dbus-6FPkUelQ
0000000000000000: 00000002 00000000 00000000 0002 01 25181
0000000000000000: 00000003 00000000 00000000 0001 03 42599
0000000000000000: 00000003 00000000 00000000 0001 03 42453
0000000000000000: 00000003 00000000 00000000 0001 03 42054
0000000000000000: 00000003 00000000 00000000 0001 03 38798
0000000000000000: 00000003 00000000 00000000 0001 03 41089 /run/user/1000/bus
0000000000000000: 00000003 00000000 00000000 0001 03 36885
0000000000000000: 00000003 00000000 00000000 0002 01 15681
0000000000000000: 00000003 00000000 00000000 0001 03 68917
0000000000000000: 00000003 00000000 00000000 0001 03 41641 @/tmp/.X11-unix/X0
0000000000000000: 00000003 00000000 00000000 0001 03 41346 @/tmp/dbus-hZHSFtDmSn
0000000000000000: 00000003 00000000 00000000 0001 03 38884 @/tmp/dbus-hZHSFtDmSn
0000000000000000: 00000003 00000000 00000000 0001 03 37983 /var/run/dbus/system_bus_socket
0000000000000000: 00000003 00000000 00000000 0001 03 122294
0000000000000000: 00000003 00000000 00000000 0001 03 120925
0000000000000000: 00000003 00000000 00000000 0001 03 111718
0000000000000000: 00000003 00000000 00000000 0001 03 32699 /run/systemd/journal/stdout
0000000000000000: 00000003 00000000 00000000 0001 03 26894 /run/systemd/journal/stdout
0000000000000000: 00000003 00000000 00000000 0001 03 46438
0000000000000000: 00000003 00000000 00000000 0001 03 40799 /run/systemd/journal/stdout
0000000000000000: 00000003 00000000 00000000 0001 03 38691
0000000000000000: 00000003 00000000 00000000 0001 03 40234 @/tmp/dbus-hZHSFtDmSn
0000000000000000: 00000002 00000000 00000000 0002 01 36914
0000000000000000: 00000003 00000000 00000000 0001 03 30700
0000000000000000: 00000003 00000000 00000000 0001 03 66261 /run/user/1000/bus
0000000000000000: 00000003 00000000 00000000 0001 03 42459
0000000000000000: 00000003 00000000 00000000 0001 03 40937
0000000000000000: 00000003 00000000 00000000 0001 03 40879 /run/user/1000/bus
0000000000000000: 00000003 00000000 00000000 0001 03 116116
0000000000000000: 00000003 00000000 00000000 0001 03 103262
0000000000000000: 00000003 00000000 00000000 0001 03 48182 /run/systemd/journal/stdout
0000000000000000: 00000003 00000000 00000000 0001 03 32639
0000000000000000: 00000003 00000000 00000000 0001 03 20455 /run/systemd/journal/stdout
0000000000000000: 00000003 00000000 00000000 0001 03 110837
0000000000000000: 00000003 00000000 00000000 0001 03 103325
0000000000000000: 00000003 00000000 00000000 0001 03 41992 /run/systemd/journal/stdout
0000000000000000: 00000003 00000000 00000000 0001 03 38767
0000000000000000: 00000003 00000000 00000000 0001 03 37886
0000000000000000: 00000003 00000000 00000000 0001 03 36927
0000000000000000: 00000003 00000000 00000000 0001 03 34899
0000000000000000: 00000003 00000000 00000000 0001 03 32910
0000000000000000: 00000003 00000000 00000000 0001 03 104262 @/tmp/dbus-YhKXwo8b
0000000000000000: 00000003 00000000 00000000 0001 03 72007 @/tmp/dbus-hZHSFtDmSn
0000000000000000: 00000003 00000000 00000000 0001 03 44185 /run/user/1000/bus
0000000000000000: 00000003 00000000 00000000 0001 03 41350 /run/user/1000/bus
0000000000000000: 00000003 00000000 00000000 0001 03 40754 /run/user/1000/bus
0000000000000000: 00000003 00000000 00000000 0001 03 28132 /var/run/dbus/system_bus_socket
0000000000000000: 00000003 00000000 00000000 0001 03 116114
0000000000000000: 00000003 00000000 00000000 0001 03 110315 @/tmp/.X11-unix/X0
0000000000000000: 00000003 00000000 00000000 0001 03 32698
0000000000000000: 00000003 00000000 00000000 0001 03 20454 /run/systemd/journal/stdout
0000000000000000: 00000003 00000000 00000000 0001 03 42677
0000000000000000: 00000003 00000000 00000000 0005 03 42358
0000000000000000: 00000003 00000000 00000000 0001 03 44033
0000000000000000: 00000003 00000000 00000000 0001 03 40378 /run/user/1000/bus
0000000000000000: 00000003 00000000 00000000 0001 03 41049
0000000000000000: 00000003 00000000 00000000 0001 03 35255 /run/user/121/bus
0000000000000000: 00000003 00000000 00000000 0001 03 30699
0000000000000000: 00000003 00000000 00000000 0001 03 67362 /run/systemd/journal/stdout
0000000000000000: 00000003 00000000 00000000 0001 03 42460
0000000000000000: 00000003 00000000 00000000 0001 03 41409
0000000000000000: 00000003 00000000 00000000 0001 03 38885
0000000000000000: 00000003 00000000 00000000 0001 03 120015
0000000000000000: 00000003 00000000 00000000 0001 03 116336
0000000000000000: 00000003 00000000 00000000 0001 03 104795
0000000000000000: 00000002 00000000 00000000 0002 01 35181
0000000000000000: 00000003 00000000 00000000 0001 03 32129
0000000000000000: 00000003 00000000 00000000 0001 03 31714
0000000000000000: 00000003 00000000 00000000 0001 03 42678
0000000000000000: 00000003 00000000 00000000 0001 03 42292
0000000000000000: 00000003 00000000 00000000 0001 03 41991
0000000000000000: 00000003 00000000 00000000 0001 03 38793
0000000000000000: 00000003 00000000 00000000 0001 03 41078
0000000000000000: 00000003 00000000 00000000 0001 03 36929 @/tmp/dbus-U6AkTG0AZz
0000000000000000: 00000003 00000000 00000000 0001 03 32905
0000000000000000: 00000003 00000000 00000000 0001 03 31983 /run/systemd/journal/stdout
0000000000000000: 00000003 00000000 00000000 0002 01 15682
0000000000000000: 00000003 00000000 00000000 0001 03 68852
0000000000000000: 00000003 00000000 00000000 0001 03 42461
0000000000000000: 00000003 00000000 00000000 0001 03 40881 /var/run/dbus/system_bus_socket
0000000000000000: 00000003 00000000 00000000 0001 03 40748 /run/systemd/journal/stdout
0000000000000000: 00000003 00000000 00000000 0001 03 122285
0000000000000000: 00000003 00000000 00000000 0001 03 120016
0000000000000000: 00000003 00000000 00000000 0001 03 103256
0000000000000000: 00000003 00000000 00000000 0001 03 63054 /var/run/dbus/system_bus_socket
0000000000000000: 00000003 00000000 00000000 0001 03 32130
0000000000000000: 00000003 00000000 00000000 0001 03 105792 /run/user/121/bus
0000000000000000: 00000003 00000000 00000000 0001 03 44877 @/tmp/.X11-unix/X0
0000000000000000: 00000003 00000000 00000000 0001 03 42075
0000000000000000: 00000003 00000000 00000000 0001 03 40714 /run/user/1000/bus
0000000000000000: 00000003 00000000 00000000 0001 03 36925 @/tmp/dbus-U6AkTG0AZz
0000000000000000: 00000003 00000000 00000000 0001 03 32145 @/tmp/dbus-U6AkTG0AZz
0000000000000000: 00000003 00000000 00000000 0001 03 34826 /run/user/121/bus
0000000000000000: 00000003 00000000 00000000 0001 03 100427
0000000000000000: 00000003 00000000 00000000 0001 03 55575
0000000000000000: 00000003 00000000 00000000 0001 03 43202 /run/user/1000/bus
0000000000000000: 00000003 00000000 00000000 0001 03 41349
0000000000000000: 00000003 00000000 00000000 0001 03 38824
0000000000000000: 00000003 00000000 00000000 0001 03 104767
0000000000000000: 00000002 00000000 00000000 0002 01 44940
0000000000000000: 00000003 00000000 00000000 0001 03 35755
0000000000000000: 00000003 00000000 00000000 0001 03 32614
0000000000000000: 00000003 00000000 00000000 0001 03 25535
0000000000000000: 00000003 00000000 00000000 0001 03 46465
0000000000000000: 00000003 00000000 00000000 0001 03 41994 /run/systemd/journal/stdout
0000000000000000: 00000003 00000000 00000000 0001 03 41111 /run/user/1000/bus
0000000000000000: 00000003 00000000 00000000 0001 03 41088
0000000000000000: 00000003 00000000 00000000 0001 03 36887 /run/systemd/journal/stdout
0000000000000000: 00000003 00000000 00000000 0001 03 32104 @/tmp/.X11-unix/X1024
0000000000000000: 00000003 00000000 00000000 0001 03 69390
0000000000000000: 00000003 00000000 00000000 0001 03 66265 @/tmp/dbus-hZHSFtDmSn
0000000000000000: 00000003 00000000 00000000 0001 03 42471
0000000000000000: 00000002 00000000 00000000 0002 01 41412
0000000000000000: 00000003 00000000 00000000 0001 03 41340 /run/systemd/journal/stdout
0000000000000000: 00000003 00000000 00000000 0001 03 28126
0000000000000000: 00000003 00000000 00000000 0001 03 120924
0000000000000000: 00000003 00000000 00000000 0001 03 103321
0000000000000000: 00000003 00000000 00000000 0001 03 99101
0000000000000000: 00000002 00000000 00000000 0002 01 69481
0000000000000000: 00000003 00000000 00000000 0001 03 32128
0000000000000000: 00000003 00000000 00000000 0001 03 27796
0000000000000000: 00000003 00000000 00000000 0001 03 44943 @/tmp/dbus-YhKXwo8b
0000000000000000: 00000003 00000000 00000000 0001 03 42252
0000000000000000: 00000003 00000000 00000000 0001 03 40798 /run/systemd/journal/stdout
0000000000000000: 00000003 00000000 00000000 0001 03 38795
0000000000000000: 00000003 00000000 00000000 0001 03 39464 /run/systemd/journal/stdout
0000000000000000: 00000003 00000000 00000000 0001 03 35298 /run/user/121/bus
0000000000000000: 00000003 00000000 00000000 0001 03 32904
0000000000000000: 00000003 00000000 00000000 0001 03 31975 /run/systemd/journal/stdout
0000000000000000: 00000003 00000000 00000000 0001 03 29262 /var/run/dbus/system_bus_socket
0000000000000000: 00000003 00000000 00000000 0001 03 111232
0000000000000000: 00000003 00000000 00000000 0001 03 42470
0000000000000000: 00000003 00000000 00000000 0001 03 39857 /run/systemd/journal/stdout
0000000000000000: 00000003 00000000 00000000 0001 03 40781 /run/user/1000/bus
0000000000000000: 00000003 00000000 00000000 0001 03 116366
0000000000000000: 00000003 00000000 00000000 0001 03 102156
0000000000000000: 00000003 00000000 00000000 0001 03 33483 /run/systemd/journal/stdout
0000000000000000: 00000003 00000000 00000000 0001 03 34827
0000000000000000: 00000003 00000000 00000000 0001 03 27725
0000000000000000: 00000003 00000000 00000000 0001 03 42598
0000000000000000: 00000003 00000000 00000000 0001 03 42076
0000000000000000: 00000003 00000000 00000000 0001 03 38729
0000000000000000: 00000003 00000000 00000000 0001 03 41029
0000000000000000: 00000003 00000000 00000000 0001 03 36886
0000000000000000: 00000003 00000000 00000000 0001 03 32670 /var/run/dbus/system_bus_socket
0000000000000000: 00000003 00000000 00000000 0001 03 30642
0000000000000000: 00000003 00000000 00000000 0001 03 120125
0000000000000000: 00000003 00000000 00000000 0001 03 56885
0000000000000000: 00000003 00000000 00000000 0001 03 43060
0000000000000000: 00000003 00000000 00000000 0001 03 34784 /run/systemd/journal/stdout
0000000000000000: 00000003 00000000 00000000 0001 03 35176 @/tmp/.ICE-unix/1163
0000000000000000: 00000002 00000000 00000000 0002 01 33922
0000000000000000: 00000003 00000000 00000000 0001 03 120908
0000000000000000: 00000003 00000000 00000000 0001 03 104112 /run/user/1000/bus
0000000000000000: 00000003 00000000 00000000 0001 03 104111
0000000000000000: 00000003 00000000 00000000 0001 03 38457
0000000000000000: 00000003 00000000 00000000 0001 03 33612 /run/user/121/bus
0000000000000000: 00000003 00000000 00000000 0001 03 67834
0000000000000000: 00000003 00000000 00000000 0001 03 40917
0000000000000000: 00000003 00000000 00000000 0001 03 39810 /run/user/1000/bus
0000000000000000: 00000003 00000000 00000000 0001 03 38799 /run/user/1000/bus
0000000000000000: 00000003 00000000 00000000 0001 03 38731 /run/systemd/journal/stdout
0000000000000000: 00000003 00000000 00000000 0001 03 39587 @/tmp/dbus-hZHSFtDmSn
0000000000000000: 00000003 00000000 00000000 0001 03 36278 /run/systemd/journal/stdout
0000000000000000: 00000003 00000000 00000000 0001 03 35299 /run/user/121/bus
0000000000000000: 00000003 00000000 00000000 0001 03 34787 @/tmp/.X11-unix/X1024
0000000000000000: 00000003 00000000 00000000 0001 03 38897 /run/systemd/journal/stdout
0000000000000000: 00000003 00000000 00000000 0001 03 41141
0000000000000000: 00000003 00000000 00000000 0001 03 120126
0000000000000000: 00000003 00000000 00000000 0001 03 56924
0000000000000000: 00000003 00000000 00000000 0005 03 43212
0000000000000000: 00000003 00000000 00000000 0001 03 35888
0000000000000000: 00000003 00000000 00000000 0001 03 35155 /run/user/121/bus
0000000000000000: 00000003 00000000 00000000 0001 03 116112
0000000000000000: 00000003 00000000 00000000 0001 03 72008
0000000000000000: 00000003 00000000 00000000 0001 03 55191
0000000000000000: 00000002 00000000 00000000 0002 01 44181
0000000000000000: 00000003 00000000 00000000 0001 03 33686 @/tmp/dbus-Ts9gruq5
0000000000000000: 00000003 00000000 00000000 0001 03 119786
0000000000000000: 00000003 00000000 00000000 0001 03 55006
0000000000000000: 00000003 00000000 00000000 0001 03 41460 @/tmp/.X11-unix/X0
0000000000000000: 00000003 00000000 00000000 0001 03 40783
0000000000000000: 00000003 00000000 00000000 0001 03 38673
0000000000000000: 00000003 00000000 00000000 0001 03 39640 /run/systemd/journal/stdout
0000000000000000: 00000003 00000000 00000000 0001 03 40235
0000000000000000: 00000002 00000000 00000000 0002 01 40063
0000000000000000: 00000003 00000000 00000000 0001 03 33608
0000000000000000: 00000003 00000000 00000000 0001 03 34807
0000000000000000: 00000003 00000000 00000000 0001 03 29813 /run/systemd/journal/stdout
0000000000000000: 00000003 00000000 00000000 0001 03 42103 /run/systemd/journal/stdout
0000000000000000: 00000003 00000000 00000000 0001 03 41128
0000000000000000: 00000003 00000000 00000000 0001 03 31706 /run/systemd/journal/stdout
0000000000000000: 00000003 00000000 00000000 0001 03 28131 /var/run/dbus/system_bus_socket
0000000000000000: 00000003 00000000 00000000 0001 03 120990
0000000000000000: 00000003 00000000 00000000 0001 03 117832
0000000000000000: 00000003 00000000 00000000 0001 03 100918 /run/user/1000/bus
0000000000000000: 00000003 00000000 00000000 0001 03 41406 /run/systemd/journal/stdout
0000000000000000: 00000003 00000000 00000000 0001 03 34785 /run/systemd/journal/stdout
0000000000000000: 00000003 00000000 00000000 0001 03 35160
0000000000000000: 00000003 00000000 00000000 0001 03 120852
0000000000000000: 00000003 00000000 00000000 0001 03 99395
0000000000000000: 00000003 00000000 00000000 0001 03 66337 /var/run/dbus/system_bus_socket
0000000000000000: 00000003 00000000 00000000 0001 03 40113
0000000000000000: 00000003 00000000 00000000 0001 03 43499 /var/run/dbus/system_bus_socket
0000000000000000: 00000003 00000000 00000000 0001 03 40822 /run/user/1000/bus
0000000000000000: 00000003 00000000 00000000 0001 03 40700
0000000000000000: 00000003 00000000 00000000 0001 03 40372 /run/user/1000/bus
0000000000000000: 00000003 00000000 00000000 0001 03 40370
0000000000000000: 00000003 00000000 00000000 0001 03 34813
0000000000000000: 00000003 00000000 00000000 0001 03 33563
0000000000000000: 00000003 00000000 00000000 0001 03 20469
0000000000000000: 00000003 00000000 00000000 0001 03 115388
0000000000000000: 00000003 00000000 00000000 0001 03 41318
0000000000000000: 00000003 00000000 00000000 0001 03 40709 /var/run/dbus/system_bus_socket
0000000000000000: 00000003 00000000 00000000 0001 03 20457 /run/systemd/journal/stdout
0000000000000000: 00000003 00000000 00000000 0001 03 120989
0000000000000000: 00000003 00000000 00000000 0001 03 117831
0000000000000000: 00000003 00000000 00000000 0001 03 101953
0000000000000000: 00000003 00000000 00000000 0001 03 62802
0000000000000000: 00000003 00000000 00000000 0001 03 33567 /run/user/121/bus
0000000000000000: 00000003 00000000 00000000 0001 03 35175
0000000000000000: 00000003 00000000 00000000 0001 03 30072 /run/systemd/journal/stdout
0000000000000000: 00000003 00000000 00000000 0001 03 115125 /var/run/dbus/system_bus_socket
0000000000000000: 00000003 00000000 00000000 0001 03 94682
0000000000000000: 00000003 00000000 00000000 0001 03 43585
0000000000000000: 00000003 00000000 00000000 0001 03 44085
0000000000000000: 00000003 00000000 00000000 0001 03 40182
0000000000000000: 00000003 00000000 00000000 0001 03 28779
0000000000000000: 00000003 00000000 00000000 0001 03 119721
0000000000000000: 00000003 00000000 00000000 0001 03 44186 /run/user/1000/bus
0000000000000000: 00000003 00000000 00000000 0001 03 40918 @/tmp/dbus-hZHSFtDmSn
0000000000000000: 00000003 00000000 00000000 0001 03 38849 /run/systemd/journal/stdout
0000000000000000: 00000003 00000000 00000000 0001 03 39639 /run/systemd/journal/stdout
0000000000000000: 00000003 00000000 00000000 0001 03 40302
0000000000000000: 00000003 00000000 00000000 0001 03 41054 /run/systemd/journal/stdout
0000000000000000: 00000003 00000000 00000000 0001 03 33565 /run/systemd/journal/stdout
0000000000000000: 00000003 00000000 00000000 0001 03 34810 /run/systemd/journal/stdout
0000000000000000: 00000003 00000000 00000000 0001 03 28735
0000000000000000: 00000003 00000000 00000000 0001 03 115387
0000000000000000: 00000003 00000000 00000000 0001 03 60294
0000000000000000: 00000003 00000000 00000000 0001 03 41263
0000000000000000: 00000003 00000000 00000000 0001 03 41101
0000000000000000: 00000003 00000000 00000000 0001 03 121327
0000000000000000: 00000003 00000000 00000000 0001 03 117882
0000000000000000: 00000003 00000000 00000000 0001 03 43214
0000000000000000: 00000003 00000000 00000000 0001 03 37986 /run/systemd/journal/stdout
0000000000000000: 00000003 00000000 00000000 0001 03 35910 /run/systemd/journal/stdout
0000000000000000: 00000003 00000000 00000000 0001 03 34922
0000000000000000: 00000003 00000000 00000000 0001 03 33915
0000000000000000: 00000003 00000000 00000000 0001 03 30074 /run/systemd/journal/stdout
0000000000000000: 00000003 00000000 00000000 0001 03 69391 @/tmp/dbus-YhKXwo8b
0000000000000000: 00000003 00000000 00000000 0001 03 43584
0000000000000000: 00000003 00000000 00000000 0001 03 43203 /var/run/dbus/system_bus_socket
0000000000000000: 00000003 00000000 00000000 0001 03 36934 /run/user/121/pulse/native
0000000000000000: 00000003 00000000 00000000 0001 03 119783
0000000000000000: 00000003 00000000 00000000 0001 03 67837
0000000000000000: 00000003 00000000 00000000 0001 03 43061 @/dbus-vfs-daemon/socket-sP1DHZiz
0000000000000000: 00000003 00000000 00000000 0001 03 40776 /run/systemd/journal/stdout
0000000000000000: 00000003 00000000 00000000 0001 03 40387
0000000000000000: 00000003 00000000 00000000 0001 03 38632 /run/user/1000/bus
0000000000000000: 00000003 00000000 00000000 0001 03 39421 /run/user/1000/bus
0000000000000000: 00000003 00000000 00000000 0001 03 33604
0000000000000000: 00000003 00000000 00000000 0001 03 34786
0000000000000000: 00000003 00000000 00000000 0001 03 30571
0000000000000000: 00000003 00000000 00000000 0001 03 28878
0000000000000000: 00000003 00000000 00000000 0001 03 115357
0000000000000000: 00000003 00000000 00000000 0001 03 63065 /var/run/dbus/system_bus_socket
0000000000000000: 00000003 00000000 00000000 0001 03 41308
0000000000000000: 00000003 00000000 00000000 0001 03 41129
0000000000000000: 00000003 00000000 00000000 0001 03 26049 /run/systemd/journal/stdout
0000000000000000: 00000003 00000000 00000000 0001 03 120253
0000000000000000: 00000003 00000000 00000000 0001 03 52353
0000000000000000: 00000003 00000000 00000000 0001 03 41398 /var/run/dbus/system_bus_socket
0000000000000000: 00000003 00000000 00000000 0001 03 35865
0000000000000000: 00000002 00000000 00000000 0002 01 35172
0000000000000000: 00000003 00000000 00000000 0001 03 35161
0000000000000000: 00000003 00000000 00000000 0001 03 31692
0000000000000000: 00000003 00000000 00000000 0001 03 117741
0000000000000000: 00000003 00000000 00000000 0001 03 116110
0000000000000000: 00000003 00000000 00000000 0001 03 72006
0000000000000000: 00000003 00000000 00000000 0001 03 44183
0000000000000000: 00000003 00000000 00000000 0001 03 38474
0000000000000000: 00000003 00000000 00000000 0001 03 119782
0000000000000000: 00000003 00000000 00000000 0001 03 40907
0000000000000000: 00000003 00000000 00000000 0001 03 41242 /run/user/1000/bus
0000000000000000: 00000003 00000000 00000000 0001 03 41176
0000000000000000: 00000003 00000000 00000000 0001 03 39651 /run/systemd/journal/stdout
0000000000000000: 00000003 00000000 00000000 0001 03 40341
0000000000000000: 00000003 00000000 00000000 0001 03 33607 @/tmp/dbus-U6AkTG0AZz
0000000000000000: 00000003 00000000 00000000 0001 03 33538 /run/user/121/bus
0000000000000000: 00000003 00000000 00000000 0001 03 41270
0000000000000000: 00000003 00000000 00000000 0001 03 29809 /run/systemd/journal/stdout
0000000000000000: 00000003 00000000 00000000 0001 03 121326
0000000000000000: 00000003 00000000 00000000 0001 03 120252
0000000000000000: 00000003 00000000 00000000 0001 03 67288 @/dbus-vfs-daemon/socket-cykx72w6
0000000000000000: 00000003 00000000 00000000 0001 03 63041
0000000000000000: 00000003 00000000 00000000 0001 03 35908
0000000000000000: 00000003 00000000 00000000 0001 03 34683 /run/systemd/journal/stdout
0000000000000000: 00000003 00000000 00000000 0001 03 93078 /run/user/1000/bus
0000000000000000: 00000003 00000000 00000000 0001 03 67402
0000000000000000: 00000003 00000000 00000000 0001 03 43561
0000000000000000: 00000003 00000000 00000000 0005 03 44082
0000000000000000: 00000003 00000000 00000000 0001 03 35318
0000000000000000: 00000003 00000000 00000000 0001 03 42520
0000000000000000: 00000003 00000000 00000000 0001 03 41459 /run/user/1000/bus
0000000000000000: 00000003 00000000 00000000 0001 03 39860 @/tmp/.ICE-unix/2137
0000000000000000: 00000003 00000000 00000000 0001 03 38669 /var/run/dbus/system_bus_socket
0000000000000000: 00000003 00000000 00000000 0001 03 38580 @/tmp/.X11-unix/X0
0000000000000000: 00000003 00000000 00000000 0001 03 39505
0000000000000000: 00000003 00000000 00000000 0001 03 33606
0000000000000000: 00000003 00000000 00000000 0001 03 34815 /run/user/121/bus
0000000000000000: 00000003 00000000 00000000 0001 03 30572 /var/run/dbus/system_bus_socket
0000000000000000: 00000003 00000000 00000000 0001 03 28770
0000000000000000: 00000003 00000000 00000000 0001 03 115383
0000000000000000: 00000003 00000000 00000000 0001 03 41264
0000000000000000: 00000003 00000000 00000000 0001 03 39633 /var/run/dbus/system_bus_socket
0000000000000000: 00000003 00000000 00000000 0002 01 19679
0000000000000000: 00000003 00000000 00000000 0001 03 117793
0000000000000000: 00000003 00000000 00000000 0001 03 49648 /var/run/dbus/system_bus_socket
0000000000000000: 00000003 00000000 00000000 0001 03 43058
0000000000000000: 00000003 00000000 00000000 0001 03 33541 @/tmp/.X11-unix/X1024
0000000000000000: 00000003 00000000 00000000 0001 03 35163
0000000000000000: 00000003 00000000 00000000 0001 03 34253
0000000000000000: 00000002 00000000 00000000 0002 01 104110
0000000000000000: 00000003 00000000 00000000 0001 03 81417
0000000000000000: 00000003 00000000 00000000 0005 03 80909
0000000000000000: 00000003 00000000 00000000 0001 03 40992 /run/user/1000/bus
0000000000000000: 00000003 00000000 00000000 0001 03 119695
0000000000000000: 00000003 00000000 00000000 0001 03 111712
0000000000000000: 00000003 00000000 00000000 0001 03 40847
0000000000000000: 00000003 00000000 00000000 0001 03 40777
0000000000000000: 00000003 00000000 00000000 0001 03 40374
0000000000000000: 00000003 00000000 00000000 0001 03 40300
0000000000000000: 00000003 00000000 00000000 0001 03 39582
0000000000000000: 00000003 00000000 00000000 0002 01 38398
0000000000000000: 00000003 00000000 00000000 0001 03 35484
0000000000000000: 00000003 00000000 00000000 0001 03 33539 /run/user/121/bus
0000000000000000: 00000003 00000000 00000000 0001 03 28129 /var/run/dbus/system_bus_socket
0000000000000000: 00000003 00000000 00000000 0001 03 115382
0000000000000000: 00000003 00000000 00000000 0001 03 38898 /run/systemd/journal/stdout
0000000000000000: 00000003 00000000 00000000 0001 03 41175
0000000000000000: 00000003 00000000 00000000 0001 03 26970
0000000000000000: 00000003 00000000 00000000 0001 03 117883
0000000000000000: 00000003 00000000 00000000 0001 03 40884 /var/run/dbus/system_bus_socket
0000000000000000: 00000003 00000000 00000000 0001 03 35909 /run/systemd/journal/stdout
0000000000000000: 00000003 00000000 00000000 0001 03 33254 /run/user/121/pulse/native
0000000000000000: 00000003 00000000 00000000 0001 03 31284
0000000000000000: 00000003 00000000 00000000 0001 03 28108
0000000000000000: 00000003 00000000 00000000 0001 03 120851
0000000000000000: 00000003 00000000 00000000 0001 03 112016
0000000000000000: 00000003 00000000 00000000 0001 03 104113
0000000000000000: 00000002 00000000 00000000 0002 01 44046
0000000000000000: 00000003 00000000 00000000 0001 03 40368
0000000000000000: 00000003 00000000 00000000 0001 03 42521
0000000000000000: 00000003 00000000 00000000 0001 03 42295 /run/user/1000/bus
0000000000000000: 00000002 00000000 00000000 0001 03 40826
0000000000000000: 00000003 00000000 00000000 0001 03 40388
0000000000000000: 00000003 00000000 00000000 0001 03 38671
0000000000000000: 00000003 00000000 00000000 0001 03 40237
0000000000000000: 00000003 00000000 00000000 0001 03 33610 @/tmp/dbus-gjhqI2mw
0000000000000000: 00000003 00000000 00000000 0001 03 34775
0000000000000000: 00000002 00000000 00000000 0002 01 28773
0000000000000000: 00000003 00000000 00000000 0001 03 115356
0000000000000000: 00000003 00000000 00000000 0001 03 40805 @/tmp/.X11-unix/X0
0000000000000000: 00000003 00000000 00000000 0001 03 41140
0000000000000000: 00000003 00000000 00000000 0001 03 27389
0000000000000000: 00000003 00000000 00000000 0001 03 28133 /var/run/dbus/system_bus_socket
0000000000000000: 00000003 00000000 00000000 0001 03 35907
0000000000000000: 00000003 00000000 00000000 0001 03 35154
0000000000000000: 00000003 00000000 00000000 0001 03 31696 /run/systemd/journal/stdout
0000000000000000: 00000003 00000000 00000000 0001 03 104888 /var/run/dbus/system_bus_socket
0000000000000000: 00000003 00000000 00000000 0001 03 105777 /run/systemd/journal/stdout
0000000000000000: 00000003 00000000 00000000 0005 03 80910
0000000000000000: 00000003 00000000 00000000 0001 03 44182
0000000000000000: 00000003 00000000 00000000 0001 03 35371
0000000000000000: 00000003 00000000 00000000 0001 03 55007
0000000000000000: 00000003 00000000 00000000 0001 03 40913
0000000000000000: 00000003 00000000 00000000 0001 03 40811 @/tmp/dbus-hZHSFtDmSn
0000000000000000: 00000003 00000000 00000000 0001 03 41131 /run/systemd/journal/stdout
0000000000000000: 00000003 00000000 00000000 0001 03 39420
0000000000000000: 00000002 00000000 00000000 0002 01 38383
0000000000000000: 00000003 00000000 00000000 0001 03 35485
0000000000000000: 00000003 00000000 00000000 0001 03 34808
0000000000000000: 00000003 00000000 00000000 0001 03 28742 /run/systemd/journal/stdout
0000000000000000: 00000003 00000000 00000000 0001 03 40797 /run/user/1000/bus
0000000000000000: 00000003 00000000 00000000 0001 03 40701 /run/user/1000/bus
0000000000000000: 00000003 00000000 00000000 0001 03 120250
0000000000000000: 00000003 00000000 00000000 0001 03 56631
0000000000000000: 00000003 00000000 00000000 0005 03 43213
0000000000000000: 00000003 00000000 00000000 0001 03 35887
0000000000000000: 00000003 00000000 00000000 0001 03 34966 /run/systemd/journal/stdout
0000000000000000: 00000003 00000000 00000000 0001 03 32151 /run/systemd/journal/stdout
0000000000000000: 00000003 00000000 00000000 0001 03 30980
0000000000000000: 00000003 00000000 00000000 0002 01 25186
0000000000000000: 00000003 00000000 00000000 0001 03 120053
0000000000000000: 00000003 00000000 00000000 0001 03 115123 /run/user/1000/bus
0000000000000000: 00000003 00000000 00000000 0001 03 28134 /var/run/dbus/system_bus_socket
0000000000000000: 00000003 00000000 00000000 0001 03 116367
0000000000000000: 00000003 00000000 00000000 0001 03 42523
0000000000000000: 00000003 00000000 00000000 0001 03 40910
0000000000000000: 00000003 00000000 00000000 0001 03 40821
0000000000000000: 00000003 00000000 00000000 0001 03 38822
0000000000000000: 00000003 00000000 00000000 0001 03 41132 /run/user/1000/bus
0000000000000000: 00000003 00000000 00000000 0001 03 38730 /run/systemd/journal/stdout
0000000000000000: 00000003 00000000 00000000 0001 03 35487
0000000000000000: 00000003 00000000 00000000 0001 03 33609
0000000000000000: 00000003 00000000 00000000 0001 03 34816
0000000000000000: 00000003 00000000 00000000 0001 03 32043 /run/systemd/journal/stdout
0000000000000000: 00000003 00000000 00000000 0001 03 41262
0000000000000000: 00000003 00000000 00000000 0001 03 40710 /run/user/1000/bus
0000000000000000: 00000003 00000000 00000000 0001 03 27203
0000000000000000: 00000003 00000000 00000000 0002 01 19678
0000000000000000: 00000003 00000000 00000000 0001 03 66263
0000000000000000: 00000003 00000000 00000000 0001 03 55578 /run/user/1000/pulse/native
0000000000000000: 00000003 00000000 00000000 0001 03 33543 /run/systemd/journal/stdout
0000000000000000: 00000003 00000000 00000000 0001 03 112017
0000000000000000: 00000003 00000000 00000000 0001 03 94681
0000000000000000: 00000003 00000000 00000000 0001 03 44077
0000000000000000: 00000003 00000000 00000000 0001 03 40178
0000000000000000: 00000003 00000000 00000000 0001 03 116368
0000000000000000: 00000003 00000000 00000000 0001 03 67836 /run/systemd/journal/stdout
0000000000000000: 00000003 00000000 00000000 0001 03 40915
0000000000000000: 00000003 00000000 00000000 0001 03 40804
0000000000000000: 00000003 00000000 00000000 0001 03 38686
0000000000000000: 00000003 00000000 00000000 0001 03 40369
0000000000000000: 00000003 00000000 00000000 0001 03 36281 @/tmp/dbus-eeUFCGbJ
0000000000000000: 00000002 00000000 00000000 0002 01 33648
0000000000000000: 00000003 00000000 00000000 0001 03 34809 /run/systemd/journal/stdout
0000000000000000: 00000003 00000000 00000000 0001 03 118389
0000000000000000: 00000003 00000000 00000000 0001 03 42019 /run/user/1000/bus
0000000000000000: 00000003 00000000 00000000 0001 03 41174
0000000000000000: 00000002 00000000 00000000 0002 01 17613
0000000000000000: 00000003 00000000 00000000 0001 03 120251
0000000000000000: 00000003 00000000 00000000 0001 03 60273 /run/systemd/journal/stdout
0000000000000000: 00000003 00000000 00000000 0001 03 56886
0000000000000000: 00000003 00000000 00000000 0001 03 43059
0000000000000000: 00000003 00000000 00000000 0001 03 35911
0000000000000000: 00000003 00000000 00000000 0001 03 35164 @/tmp/dbus-gjhqI2mw
0000000000000000: 00000003 00000000 00000000 0001 03 28109
0000000000000000: 00000003 00000000 00000000 0002 01 25185
0000000000000000: 00000003 00000000 00000000 0001 03 117740
0000000000000000: 00000003 00000000 00000000 0001 03 104109
0000000000000000: 00000003 00000000 00000000 0001 03 99394
0000000000000000: 00000003 00000000 00000000 0005 03 44083
0000000000000000: 00000003 00000000 00000000 0002 01 38399
0000000000000000: 00000003 00000000 00000000 0001 03 33614 /run/user/121/bus
0000000000000000: 00000003 00000000 00000000 0001 03 119720
0000000000000000: 00000003 00000000 00000000 0001 03 40900
0000000000000000: 00000003 00000000 00000000 0001 03 40812
0000000000000000: 00000003 00000000 00000000 0001 03 40663
0000000000000000: 00000003 00000000 00000000 0001 03 40373 @/tmp/dbus-YhKXwo8b
0000000000000000: 00000003 00000000 00000000 0001 03 40348
0000000000000000: 00000003 00000000 00000000 0001 03 35486
0000000000000000: 00000003 00000000 00000000 0001 03 33605 @/tmp/dbus-U6AkTG0AZz
0000000000000000: 00000003 00000000 00000000 0001 03 33566 /run/user/121/bus
0000000000000000: 00000003 00000000 00000000 0001 03 29034
0000000000000000: 00000003 00000000 00000000 0001 03 118388
0000000000000000: 00000003 00000000 00000000 0001 03 40785 /run/user/1000/bus
0000000000000000: 00000003 00000000 00000000 0001 03 39701 /var/run/dbus/system_bus_socket
0000000000000000: 00000003 00000000 00000000 0001 03 27133
0000000000000000: 00000003 00000000 00000000 0001 03 60272 /run/systemd/journal/stdout
0000000000000000: 00000003 00000000 00000000 0001 03 56954
0000000000000000: 00000003 00000000 00000000 0001 03 41405 /run/systemd/journal/stdout
0000000000000000: 00000003 00000000 00000000 0001 03 35885
0000000000000000: 00000003 00000000 00000000 0001 03 34960
0000000000000000: 00000003 00000000 00000000 0001 03 31184
0000000000000000: 00000003 00000000 00000000 0001 03 71033 @/tmp/.X11-unix/X0
0000000000000000: 00000003 00000000 00000000 0001 03 68151 /run/systemd/journal/stdout
0000000000000000: 00000003 00000000 00000000 0001 03 55192 /run/user/1000/bus
0000000000000000: 00000003 00000000 00000000 0001 03 44084
0000000000000000: 00000003 00000000 00000000 0001 03 38526 /run/user/1000/bus
0000000000000000: 00000003 00000000 00000000 0001 03 39403 /var/run/dbus/system_bus_socket
0000000000000000: 00000003 00000000 00000000 0001 03 116369
0000000000000000: 00000003 00000000 00000000 0001 03 109189 @/tmp/.X11-unix/X0
0000000000000000: 00000003 00000000 00000000 0001 03 42220 @/tmp/.X11-unix/X0
0000000000000000: 00000003 00000000 00000000 0001 03 40784
0000000000000000: 00000003 00000000 00000000 0001 03 39650 @/tmp/dbus-YhKXwo8b
0000000000000000: 00000003 00000000 00000000 0001 03 40236 @/tmp/.X11-unix/X0
0000000000000000: 00000003 00000000 00000000 0001 03 39419
0000000000000000: 00000003 00000000 00000000 0001 03 36279 /var/run/dbus/system_bus_socket
0000000000000000: 00000003 00000000 00000000 0001 03 33595
0000000000000000: 00000003 00000000 00000000 0001 03 34776
0000000000000000: 00000002 00000000 00000000 0002 01 33473
0000000000000000: 00000003 00000000 00000000 0001 03 41338
0000000000000000: 00000003 00000000 00000000 0001 03 41135
0000000000000000: 00000003 00000000 00000000 0001 03 33028
0000000000000000: 00000003 00000000 00000000 0001 03 43215
0000000000000000: 00000003 00000000 00000000 0001 03 35886 /run/systemd/journal/stdout
0000000000000000: 00000003 00000000 00000000 0001 03 35191
0000000000000000: 00000003 00000000 00000000 0001 03 32779 /run/systemd/journal/stdout
0000000000000000: 00000003 00000000 00000000 0001 03 30070 /run/systemd/journal/stdout
0000000000000000: 00000003 00000000 00000000 0002 01 25184
0000000000000000: 00000003 00000000 00000000 0001 03 43560
0000000000000000: 00000003 00000000 00000000 0001 03 44080
0000000000000000: 00000003 00000000 00000000 0001 03 38475
0000000000000000: 00000003 00000000 00000000 0001 03 35323
0000000000000000: 00000003 00000000 00000000 0001 03 67838 @/tmp/dbus-YhKXwo8b
0000000000000000: 00000003 00000000 00000000 0001 03 40914 @/tmp/dbus-hZHSFtDmSn
0000000000000000: 00000003 00000000 00000000 0001 03 40810
0000000000000000: 00000003 00000000 00000000 0001 03 40664
0000000000000000: 00000003 00000000 00000000 0001 03 40364 @/tmp/dbus-YhKXwo8b
0000000000000000: 00000002 00000000 00000000 0002 01 39418
0000000000000000: 00000002 00000000 00000000 0002 01 38020
0000000000000000: 00000003 00000000 00000000 0001 03 36277 /run/systemd/journal/stdout
0000000000000000: 00000003 00000000 00000000 0001 03 34814
0000000000000000: 00000003 00000000 00000000 0001 03 40814 /run/user/1000/bus
0000000000000000: 00000003 00000000 00000000 0001 03 39704 /run/user/1000/bus
0000000000000000: 00000003 00000000 00000000 0001 03 26791
0000000000000000: 00000003 00000000 00000000 0001 03 117794
0000000000000000: 00000003 00000000 00000000 0001 03 56923
0000000000000000: 00000003 00000000 00000000 0001 03 43036
0000000000000000: 00000003 00000000 00000000 0001 03 35866
0000000000000000: 00000003 00000000 00000000 0001 03 34684 /run/systemd/journal/stdout
0000000000000000: 00000002 00000000 00000000 0002 01 28107
0000000000000000: 00000003 00000000 00000000 0002 01 25183
0000000000000000: 00000003 00000000 00000000 0001 03 95377 /run/systemd/journal/stdout
0000000000000000: 00000003 00000000 00000000 0001 03 67365
0000000000000000: 00000003 00000000 00000000 0001 03 67363 /run/user/1000/bus
0000000000000000: 00000003 00000000 00000000 0001 03 44078
0000000000000000: 00000003 00000000 00000000 0001 03 39409 /var/run/dbus/system_bus_socket
0000000000000000: 00000003 00000000 00000000 0001 03 38417 /var/run/dbus/system_bus_socket
0000000000000000: 00000003 00000000 00000000 0001 03 119694
0000000000000000: 00000003 00000000 00000000 0001 03 41381 /run/user/1000/bus
0000000000000000: 00000003 00000000 00000000 0001 03 41241 @/tmp/dbus-hZHSFtDmSn
0000000000000000: 00000003 00000000 00000000 0001 03 38770 /run/systemd/journal/stdout
0000000000000000: 00000003 00000000 00000000 0001 03 38570 /run/systemd/journal/stdout
0000000000000000: 00000003 00000000 00000000 0001 03 38555 /run/user/1000/bus
0000000000000000: 00000003 00000000 00000000 0001 03 35291 @/tmp/dbus-gjhqI2mw
0000000000000000: 00000003 00000000 00000000 0001 03 32705 /run/systemd/journal/stdout
0000000000000000: 00000003 00000000 00000000 0001 03 29806 /run/systemd/journal/stdout
0000000000000000: 00000003 00000000 00000000 0001 03 41314
0000000000000000: 00000003 00000000 00000000 0001 03 38769 /run/systemd/journal/stdout
0000000000000000: 00000003 00000000 00000000 0001 03 28769
0000000000000000: 00000003 00000000 00000000 0001 03 106330
0000000000000000: 00000003 00000000 00000000 0001 03 47670 /run/systemd/journal/stdout
0000000000000000: 00000003 00000000 00000000 0001 03 41137 /run/user/1000/bus
0000000000000000: 00000003 00000000 00000000 0001 03 28130 /var/run/dbus/system_bus_socket
0000000000000000: 00000002 00000000 00000000 0002 01 49299
0000000000000000: 00000003 00000000 00000000 0001 03 36178
0000000000000000: 00000003 00000000 00000000 0001 03 34686 @/tmp/.X11-unix/X1024
0000000000000000: 00000003 00000000 00000000 0001 03 34059
0000000000000000: 00000003 00000000 00000000 0001 03 104914
0000000000000000: 00000003 00000000 00000000 0001 03 40896 /run/systemd/journal/stdout
0000000000000000: 00000003 00000000 00000000 0001 03 39920
0000000000000000: 00000003 00000000 00000000 0001 03 120507
0000000000000000: 00000003 00000000 00000000 0001 03 111689 /var/run/dbus/system_bus_socket
0000000000000000: 00000003 00000000 00000000 0001 03 104912 /run/user/1000/pulse/native
0000000000000000: 00000003 00000000 00000000 0001 03 40823 /run/user/1000/bus
0000000000000000: 00000003 00000000 00000000 0001 03 36894 /run/systemd/journal/stdout
0000000000000000: 00000003 00000000 00000000 0001 03 121881
0000000000000000: 00000003 00000000 00000000 0001 03 48152
0000000000000000: 00000003 00000000 00000000 0001 03 41778
0000000000000000: 00000003 00000000 00000000 0001 03 39808
0000000000000000: 00000003 00000000 00000000 0001 03 35790
0000000000000000: 00000003 00000000 00000000 0001 03 39399
0000000000000000: 00000003 00000000 00000000 0001 03 34770
0000000000000000: 00000003 00000000 00000000 0001 03 34099 /run/systemd/journal/stdout
0000000000000000: 00000003 00000000 00000000 0001 03 47671 /run/systemd/journal/stdout
0000000000000000: 00000003 00000000 00000000 0001 03 42474 @/tmp/.X11-unix/X0
0000000000000000: 00000003 00000000 00000000 0001 03 39870
0000000000000000: 00000003 00000000 00000000 0001 03 34697 /run/user/121/bus
0000000000000000: 00000003 00000000 00000000 0001 03 105644
0000000000000000: 00000003 00000000 00000000 0001 03 39854
0000000000000000: 00000003 00000000 00000000 0001 03 39012
0000000000000000: 00000003 00000000 00000000 0001 03 36890 /run/systemd/journal/stdout
0000000000000000: 00000003 00000000 00000000 0001 03 115406
0000000000000000: 00000003 00000000 00000000 0001 03 103371
0000000000000000: 00000003 00000000 00000000 0001 03 71467
0000000000000000: 00000003 00000000 00000000 0001 03 46445 @/tmp/dbus-hZHSFtDmSn
0000000000000000: 00000003 00000000 00000000 0001 03 39746
0000000000000000: 00000003 00000000 00000000 0001 03 38974 /var/run/dbus/system_bus_socket
0000000000000000: 00000002 00000000 00000000 0002 01 39362
0000000000000000: 00000003 00000000 00000000 0001 03 34692
0000000000000000: 00000003 00000000 00000000 0001 03 32183 /run/user/121/bus
0000000000000000: 00000003 00000000 00000000 0001 03 104915
0000000000000000: 00000003 00000000 00000000 0001 03 41450
0000000000000000: 00000003 00000000 00000000 0001 03 39918 @/tmp/dbus-hZHSFtDmSn
0000000000000000: 00000003 00000000 00000000 0001 03 33082
0000000000000000: 00000003 00000000 00000000 0001 03 39831
0000000000000000: 00000003 00000000 00000000 0001 03 36893 /run/systemd/journal/stdout
0000000000000000: 00000003 00000000 00000000 0001 03 122249
0000000000000000: 00000003 00000000 00000000 0001 03 71468
0000000000000000: 00000003 00000000 00000000 0001 03 44875 /run/systemd/journal/stdout
0000000000000000: 00000003 00000000 00000000 0001 03 43386 /run/user/1000/bus
0000000000000000: 00000003 00000000 00000000 0001 03 42101 /run/systemd/journal/stdout
0000000000000000: 00000003 00000000 00000000 0001 03 30011 /var/run/dbus/system_bus_socket
0000000000000000: 00000003 00000000 00000000 0001 03 36191
0000000000000000: 00000003 00000000 00000000 0001 03 32703 /run/systemd/journal/stdout
0000000000000000: 00000003 00000000 00000000 0001 03 32146 /run/user/121/bus
0000000000000000: 00000003 00000000 00000000 0001 03 49646 /run/user/1000/bus
0000000000000000: 00000003 00000000 00000000 0001 03 42237 /run/user/1000/bus
0000000000000000: 00000003 00000000 00000000 0001 03 43012 /run/user/1000/pulse/native
0000000000000000: 00000003 00000000 00000000 0001 03 33302
0000000000000000: 00000003 00000000 00000000 0001 03 104258 @/tmp/.X11-unix/X0
0000000000000000: 00000003 00000000 00000000 0001 03 72953
0000000000000000: 00000003 00000000 00000000 0001 03 39859
0000000000000000: 00000003 00000000 00000000 0001 03 35930
0000000000000000: 00000003 00000000 00000000 0001 03 32668 /var/run/dbus/system_bus_socket
0000000000000000: 00000003 00000000 00000000 0001 03 29371 /var/run/dbus/system_bus_socket
0000000000000000: 00000003 00000000 00000000 0001 03 104138
0000000000000000: 00000003 00000000 00000000 0001 03 54157
0000000000000000: 00000003 00000000 00000000 0001 03 42491 @/tmp/dbus-YhKXwo8b
0000000000000000: 00000003 00000000 00000000 0001 03 39809
0000000000000000: 00000003 00000000 00000000 0001 03 36175 /var/run/dbus/system_bus_socket
0000000000000000: 00000003 00000000 00000000 0001 03 34727 @/tmp/.X11-unix/X1024
0000000000000000: 00000003 00000000 00000000 0001 03 34098
0000000000000000: 00000003 00000000 00000000 0001 03 41453 @/tmp/.X11-unix/X0
0000000000000000: 00000003 00000000 00000000 0001 03 41410 /run/systemd/journal/stdout
0000000000000000: 00000003 00000000 00000000 0001 03 39884
0000000000000000: 00000003 00000000 00000000 0001 03 33306
0000000000000000: 00000003 00000000 00000000 0001 03 106956
0000000000000000: 00000002 00000000 00000000 0001 03 63058
0000000000000000: 00000002 00000000 00000000 0002 01 39867
0000000000000000: 00000003 00000000 00000000 0001 03 35932
0000000000000000: 00000003 00000000 00000000 0001 03 106337
0000000000000000: 00000003 00000000 00000000 0001 03 71036 /run/user/1000/bus
0000000000000000: 00000003 00000000 00000000 0001 03 68152
0000000000000000: 00000003 00000000 00000000 0001 03 44884
0000000000000000: 00000003 00000000 00000000 0001 03 39787
0000000000000000: 00000003 00000000 00000000 0001 03 38975 /var/run/dbus/system_bus_socket
0000000000000000: 00000003 00000000 00000000 0001 03 46501 /var/run/dbus/system_bus_socket
0000000000000000: 00000003 00000000 00000000 0001 03 36174
0000000000000000: 00000003 00000000 00000000 0001 03 34685
0000000000000000: 00000003 00000000 00000000 0001 03 33988
0000000000000000: 00000003 00000000 00000000 0001 03 52351
0000000000000000: 00000003 00000000 00000000 0001 03 40943
0000000000000000: 00000003 00000000 00000000 0001 03 41563
0000000000000000: 00000003 00000000 00000000 0001 03 33083
0000000000000000: 00000003 00000000 00000000 0001 03 120508
0000000000000000: 00000003 00000000 00000000 0001 03 109175
0000000000000000: 00000002 00000000 00000000 0002 01 62563
0000000000000000: 00000003 00000000 00000000 0001 03 39868
0000000000000000: 00000003 00000000 00000000 0001 03 35954
0000000000000000: 00000003 00000000 00000000 0001 03 33511
0000000000000000: 00000003 00000000 00000000 0001 03 20213
0000000000000000: 00000003 00000000 00000000 0001 03 119787
0000000000000000: 00000003 00000000 00000000 0001 03 115407
0000000000000000: 00000003 00000000 00000000 0001 03 77371
0000000000000000: 00000003 00000000 00000000 0001 03 41788
0000000000000000: 00000003 00000000 00000000 0001 03 40391 /run/user/1000/pulse/native
0000000000000000: 00000003 00000000 00000000 0001 03 36194
0000000000000000: 00000003 00000000 00000000 0001 03 34771
0000000000000000: 00000003 00000000 00000000 0001 03 34749
0000000000000000: 00000003 00000000 00000000 0001 03 67833
0000000000000000: 00000003 00000000 00000000 0001 03 41711
0000000000000000: 00000003 00000000 00000000 0001 03 42193
0000000000000000: 00000003 00000000 00000000 0001 03 32258 /run/user/121/pulse/native
0000000000000000: 00000003 00000000 00000000 0001 03 105320 @/tmp/dbus-hZHSFtDmSn
0000000000000000: 00000003 00000000 00000000 0001 03 42102 /run/systemd/journal/stdout
0000000000000000: 00000003 00000000 00000000 0001 03 36892 /run/user/121/bus
0000000000000000: 00000003 00000000 00000000 0001 03 103367
0000000000000000: 00000003 00000000 00000000 0001 03 99136
0000000000000000: 00000003 00000000 00000000 0001 03 41924
0000000000000000: 00000003 00000000 00000000 0001 03 41876
0000000000000000: 00000003 00000000 00000000 0001 03 41143 /run/systemd/journal/stdout
0000000000000000: 00000003 00000000 00000000 0001 03 35785
0000000000000000: 00000003 00000000 00000000 0001 03 36941 /var/run/dbus/system_bus_socket
0000000000000000: 00000003 00000000 00000000 0001 03 34691
0000000000000000: 00000003 00000000 00000000 0001 03 34111
0000000000000000: 00000003 00000000 00000000 0001 03 67835 /run/systemd/journal/stdout
0000000000000000: 00000003 00000000 00000000 0001 03 42243 /var/run/dbus/system_bus_socket
0000000000000000: 00000003 00000000 00000000 0001 03 40906 /run/user/1000/bus
0000000000000000: 00000003 00000000 00000000 0001 03 33303
0000000000000000: 00000003 00000000 00000000 0001 03 105667
0000000000000000: 00000003 00000000 00000000 0001 03 72954
0000000000000000: 00000003 00000000 00000000 0001 03 60292 /var/run/dbus/system_bus_socket
0000000000000000: 00000003 00000000 00000000 0001 03 41376 /var/run/dbus/system_bus_socket
0000000000000000: 00000003 00000000 00000000 0001 03 35952
0000000000000000: 00000003 00000000 00000000 0001 03 71480
0000000000000000: 00000003 00000000 00000000 0001 03 69925
0000000000000000: 00000003 00000000 00000000 0001 03 48151
0000000000000000: 00000003 00000000 00000000 0001 03 41142 /run/systemd/journal/stdout
0000000000000000: 00000003 00000000 00000000 0001 03 40135 /run/systemd/journal/stdout
0000000000000000: 00000003 00000000 00000000 0001 03 34693 /run/user/121/bus
0000000000000000: 00000003 00000000 00000000 0001 03 34060 /run/user/121/bus
0000000000000000: 00000003 00000000 00000000 0001 03 52350
0000000000000000: 00000003 00000000 00000000 0001 03 41452
0000000000000000: 00000003 00000000 00000000 0001 03 39917
0000000000000000: 00000002 00000000 00000000 0001 03 33084
0000000000000000: 00000003 00000000 00000000 0001 03 105643
0000000000000000: 00000003 00000000 00000000 0001 03 39830
0000000000000000: 00000003 00000000 00000000 0001 03 40136 /run/systemd/journal/stdout
0000000000000000: 00000003 00000000 00000000 0001 03 26048 /run/systemd/journal/stdout
0000000000000000: 00000003 00000000 00000000 0001 03 77370
0000000000000000: 00000003 00000000 00000000 0001 03 54158
0000000000000000: 00000003 00000000 00000000 0001 03 39784
0000000000000000: 00000003 00000000 00000000 0001 03 36187
0000000000000000: 00000003 00000000 00000000 0001 03 32704 /run/systemd/journal/stdout
0000000000000000: 00000003 00000000 00000000 0001 03 33977
0000000000000000: 00000003 00000000 00000000 0001 03 41495
0000000000000000: 00000003 00000000 00000000 0001 03 41401 /run/systemd/journal/stdout
0000000000000000: 00000003 00000000 00000000 0001 03 39924
0000000000000000: 00000003 00000000 00000000 0001 03 32722 /run/systemd/journal/stdout
0000000000000000: 00000003 00000000 00000000 0001 03 109168
0000000000000000: 00000003 00000000 00000000 0001 03 105823
0000000000000000: 00000003 00000000 00000000 0001 03 39855 /run/systemd/journal/stdout
0000000000000000: 00000003 00000000 00000000 0001 03 35256 /run/user/121/bus
0000000000000000: 00000003 00000000 00000000 0001 03 103366
0000000000000000: 00000003 00000000 00000000 0001 03 99135
0000000000000000: 00000003 00000000 00000000 0001 03 44876 /run/systemd/journal/stdout
0000000000000000: 00000003 00000000 00000000 0001 03 39709
0000000000000000: 00000003 00000000 00000000 0001 03 31733 /var/run/dbus/system_bus_socket
0000000000000000: 00000003 00000000 00000000 0001 03 39400
0000000000000000: 00000003 00000000 00000000 0001 03 35165 @/tmp/dbus-gjhqI2mw
0000000000000000: 00000003 00000000 00000000 0001 03 33989 /run/user/121/bus
0000000000000000: 00000003 00000000 00000000 0001 03 40928 @/tmp/dbus-YhKXwo8b
0000000000000000: 00000003 00000000 00000000 0001 03 42166
0000000000000000: 00000003 00000000 00000000 0001 03 42118 /var/run/dbus/system_bus_socket
0000000000000000: 00000003 00000000 00000000 0001 03 33536
0000000000000000: 00000003 00000000 00000000 0001 03 106953
0000000000000000: 00000002 00000000 00000000 0001 03 63046
0000000000000000: 00000003 00000000 00000000 0001 03 42108 /run/systemd/journal/stdout
0000000000000000: 00000003 00000000 00000000 0001 03 36891 /run/systemd/journal/stdout
0000000000000000: 00000003 00000000 00000000 0001 03 103365
0000000000000000: 00000003 00000000 00000000 0001 03 104139
0000000000000000: 00000003 00000000 00000000 0001 03 48153
0000000000000000: 00000002 00000000 00000000 0002 01 39708
0000000000000000: 00000003 00000000 00000000 0001 03 26611
0000000000000000: 00000003 00000000 00000000 0001 03 36192 /var/run/dbus/system_bus_socket
0000000000000000: 00000003 00000000 00000000 0001 03 34695
0000000000000000: 00000003 00000000 00000000 0001 03 34293
0000000000000000: 00000003 00000000 00000000 0001 03 41472
0000000000000000: 00000003 00000000 00000000 0001 03 42219
0000000000000000: 00000002 00000000 00000000 0002 01 39925
0000000000000000: 00000003 00000000 00000000 0001 03 34696 /run/systemd/journal/stdout
0000000000000000: 00000003 00000000 00000000 0001 03 109167
0000000000000000: 00000003 00000000 00000000 0001 03 106951
0000000000000000: 00000003 00000000 00000000 0001 03 39852
0000000000000000: 00000003 00000000 00000000 0001 03 35931
0000000000000000: 00000003 00000000 00000000 0001 03 122248
0000000000000000: 00000003 00000000 00000000 0001 03 120054
0000000000000000: 00000003 00000000 00000000 0001 03 71472
0000000000000000: 00000003 00000000 00000000 0001 03 52349
0000000000000000: 00000003 00000000 00000000 0001 03 39700
0000000000000000: 00000003 00000000 00000000 0001 03 27225
0000000000000000: 00000003 00000000 00000000 0001 03 36179 @/tmp/dbus-U6AkTG0AZz
0000000000000000: 00000003 00000000 00000000 0001 03 32702 /run/systemd/journal/stdout
0000000000000000: 00000003 00000000 00000000 0001 03 34109
0000000000000000: 00000003 00000000 00000000 0001 03 40882 /var/run/dbus/system_bus_socket
0000000000000000: 00000003 00000000 00000000 0001 03 41402 /run/systemd/journal/stdout
0000000000000000: 00000003 00000000 00000000 0001 03 41379 /var/run/dbus/system_bus_socket
0000000000000000: 00000003 00000000 00000000 0001 03 32719 /run/systemd/journal/stdout
0000000000000000: 00000003 00000000 00000000 0001 03 109177
0000000000000000: 00000003 00000000 00000000 0001 03 63064
0000000000000000: 00000003 00000000 00000000 0001 03 39853 /run/systemd/journal/stdout
0000000000000000: 00000003 00000000 00000000 0001 03 39408
0000000000000000: 00000003 00000000 00000000 0001 03 38376
0000000000000000: 00000003 00000000 00000000 0001 03 105319 /run/systemd/journal/stdout
0000000000000000: 00000003 00000000 00000000 0001 03 103368
0000000000000000: 00000003 00000000 00000000 0001 03 68153 /run/user/1000/bus
0000000000000000: 00000003 00000000 00000000 0001 03 41923
0000000000000000: 00000003 00000000 00000000 0001 03 40722 @/tmp/.ICE-unix/2137
0000000000000000: 00000003 00000000 00000000 0001 03 29375 /var/run/dbus/system_bus_socket
0000000000000000: 00000003 00000000 00000000 0001 03 36173
0000000000000000: 00000003 00000000 00000000 0001 03 34750
0000000000000000: 00000003 00000000 00000000 0001 03 34110 @/tmp/.X11-unix/X1024
0000000000000000: 00000003 00000000 00000000 0001 03 41414
0000000000000000: 00000003 00000000 00000000 0001 03 42167
0000000000000000: 00000003 00000000 00000000 0001 03 41386 /run/user/1000/bus
0000000000000000: 00000003 00000000 00000000 0001 03 33535
0000000000000000: 00000003 00000000 00000000 0001 03 105666
0000000000000000: 00000003 00000000 00000000 0001 03 99975
0000000000000000: 00000003 00000000 00000000 0001 03 39869
0000000000000000: 00000003 00000000 00000000 0001 03 39013 /var/run/docker/containerd/docker-containerd.sock
0000000000000000: 00000002 00000000 00000000 0002 01 35953
0000000000000000: 00000003 00000000 00000000 0001 03 103370
0000000000000000: 00000003 00000000 00000000 0001 03 71471
0000000000000000: 00000003 00000000 00000000 0001 03 44882 /run/user/1000/bus
0000000000000000: 00000003 00000000 00000000 0001 03 41754
0000000000000000: 00000003 00000000 00000000 0001 03 39657
0000000000000000: 00000003 00000000 00000000 0001 03 49297
0000000000000000: 00000003 00000000 00000000 0001 03 36940 /run/user/121/bus
0000000000000000: 00000003 00000000 00000000 0001 03 34726
0000000000000000: 00000002 00000000 00000000 0002 01 33986
0000000000000000: 00000003 00000000 00000000 0001 03 41561
0000000000000000: 00000003 00000000 00000000 0001 03 42194
0000000000000000: 00000003 00000000 00000000 0001 03 40835 @/tmp/.X11-unix/X0
0000000000000000: 00000003 00000000 00000000 0001 03 33562
0000000000000000: 00000003 00000000 00000000 0001 03 105824
0000000000000000: 00000003 00000000 00000000 0001 03 99974
0000000000000000: 00000003 00000000 00000000 0001 03 42109 /run/systemd/journal/stdout
0000000000000000: 00000003 00000000 00000000 0001 03 39344 /run/systemd/journal/stdout
0000000000000000: 00000003 00000000 00000000 0001 03 35951
0000000000000000: 00000002 00000000 00000000 0002 01 28772
0000000000000000: 00000003 00000000 00000000 0001 03 104263 /var/run/dbus/system_bus_socket
0000000000000000: 00000003 00000000 00000000 0001 03 71479
0000000000000000: 00000003 00000000 00000000 0001 03 41875
0000000000000000: 00000003 00000000 00000000 0001 03 38745 /run/systemd/journal/stdout
0000000000000000: 00000002 00000000 00000000 0002 01 123167
0000000000000000: 00000003 00000000 00000000 0001 03 35314 @/tmp/dbus-U6AkTG0AZz
0000000000000000: 00000003 00000000 00000000 0001 03 35166 /run/user/121/bus
0000000000000000: 00000003 00000000 00000000 0001 03 33987
0000000000000000: 00000003 00000000 00000000 0001 03 40929 /run/user/1000/bus
0000000000000000: 00000003 00000000 00000000 0001 03 41411 /run/systemd/journal/stdout
0000000000000000: 00000003 00000000 00000000 0001 03 43011
0000000000000000: 00000003 00000000 00000000 0001 03 33564 /run/systemd/journal/stdout
0000000000000000: 00000003 00000000 00000000 0001 03 109176
0000000000000000: 00000003 00000000 00000000 0001 03 106120
0000000000000000: 00000003 00000000 00000000 0001 03 41375 /var/run/dbus/system_bus_socket
0000000000000000: 00000003 00000000 00000000 0001 03 35955 @/tmp/.X11-unix/X1024
0000000000000000: 00000003 00000000 00000000 0001 03 29370
