sk               RefCnt Rmem   Wmem   User   Inode  Parent
0000000000000000 2      0      0      0      104266 0     
0000000000000000 2      0      0      0      106962 0     
0000000000000000 2      0      0      0      105290 0     
0000000000000000 2      0      0      0      105288 0     
0000000000000000 2      0      0      0      105286 0     
0000000000000000 2      0      0      0      105283 0     
0000000000000000 2      0      0      0      105281 0     
0000000000000000 2      0      0      0      105279 0     
0000000000000000 2      0      0      0      105276 0     
0000000000000000 2      0      0      0      105275 0     
0000000000000000 2      0      0      0      105274 0     
0000000000000000 2      0      0      0      105273 0     
0000000000000000 2      0      0      0      105272 0     
0000000000000000 2      0      0      0      105270 0     
0000000000000000 2      0      0      0      105269 0     
0000000000000000 2      0      0      0      39635  0     
0000000000000000 2      0      0      0      29366  0     
