sk               Eth Pid        Groups   Rmem     Wmem     Dump  Locks    Drops    Inode
0000000000000000 0   903        00000001 0        0        0     2        0        34864   
0000000000000000 0   3350       00000440 0        0        0     2        0        52352   
0000000000000000 0   871        00000111 0        0        0     2        0        29717   
0000000000000000 0   3187       00000440 0        0        0     2        0        47304   
0000000000000000 0   2338       00000440 0        0        0     2        0        41139   
0000000000000000 0   1437       00000440 0        0        0     2        0        33509   
0000000000000000 0   2584       00000440 0        0        0     2        0        42251   
0000000000000000 0   2680       00000113 0        0        0     2        0        41718   
0000000000000000 0   2638       00000113 0        0        0     2        0        42466   
0000000000000000 0   0          00000000 0        0        0     2        0        1039    
0000000000000000 0   743        00000111 0        0        0     2        0        26322   
0000000000000000 0   1804       00000440 0        0        0     2        0        35784   
0000000000000000 0   1787       00000000 768      0        0     2        0        39077   
0000000000000000 0   3250586504 00000559 0        0        0     2        0        29994   
0000000000000000 0   13355      00000440 0        0        0     2        0        116111  
0000000000000000 0   2612       00000440 0        0        0     2        0        41577   
0000000000000000 4   0          00000000 0        0        0     2        0        2061    
0000000000000000 6   1787       00000000 0        0        0     2        0        39078   
0000000000000000 6   0          00000000 0        0        0     2        0        39066   
0000000000000000 7   0          00000000 0        0        0     2        0        3076    
0000000000000000 9   1          00000000 0        0        0     2        0        15712   
0000000000000000 9   888        00000000 0        0        0     2        0        28124   
0000000000000000 9   3882713074 00000001 0        0        0     2        0        15724   
0000000000000000 9   0          00000000 0        0        0     2        0        1040    
0000000000000000 9   1682       00000000 0        0        0     2        0        37891   
0000000000000000 10  0          00000000 0        0        0     2        0        13415   
0000000000000000 11  0          00000000 0        0        0     2        0        3074    
0000000000000000 12  1787       00000000 0        0        0     2        0        39079   
0000000000000000 12  0          00000000 0        0        0     2        0        37621   
0000000000000000 15  2710034842 00000002 0        0        0     2        0        29581   
0000000000000000 15  1264       00000002 0        0        0     2        0        34292   
0000000000000000 15  2484077220 00000002 0        0        0     2        0        29583   
0000000000000000 15  876        00000002 0        0        0     2        0        28775   
0000000000000000 15  1          00000002 0        0        0     2        0        15678   
0000000000000000 15  0          00000000 0        0        0     2        0        5       
0000000000000000 15  2451       00000002 0        0        0     2        0        39934   
0000000000000000 15  12455      00000002 0        0        0     2        0        109188  
0000000000000000 15  3842110392 00000002 0        0        0     2        0        46500   
0000000000000000 15  3574299533 00000002 0        0        0     2        0        38461   
0000000000000000 15  1483       00000002 0        0        0     2        0        35319   
0000000000000000 15  2829702023 00000002 0        0        0     2        0        29582   
0000000000000000 15  3235299624 00000002 0        0        0     2        0        49294   
0000000000000000 15  906        00000002 0        0        0     2        0        35019   
0000000000000000 15  2556180420 00000002 0        0        0     2        0        28778   
0000000000000000 15  3975988008 00000002 0        0        0     2        0        49295   
0000000000000000 15  2929779397 00000001 0        0        0     2        0        15710   
0000000000000000 15  2363       00000002 0        0        0     2        0        38750   
0000000000000000 15  2276       00000002 0        0        0     2        0        40299   
0000000000000000 15  2503490786 00000002 0        0        0     2        0        49296   
0000000000000000 15  1012       00000002 0        0        0     2        0        29560   
0000000000000000 15  2286       00000002 0        0        0     2        0        39623   
0000000000000000 15  1177       00000002 0        0        0     2        0        33067   
0000000000000000 15  2381       00000002 0        0        0     2        0        39747   
0000000000000000 15  904        00000002 0        0        0     2        0        29993   
0000000000000000 15  3644120086 00000002 0        0        0     2        0        45292   
0000000000000000 15  2638       00000002 0        0        0     2        0        42467   
0000000000000000 15  3355776076 00000002 0        0        0     2        0        81160   
0000000000000000 15  3770223190 00000002 0        0        0     2        0        30016   
0000000000000000 15  1510       00000002 0        0        0     2        0        33616   
0000000000000000 15  2127       00000002 0        0        0     2        0        38456   
0000000000000000 15  873        ffffffff 0        0        0     2        0        29901   
0000000000000000 15  3209       00000002 0        0        0     2        0        46495   
0000000000000000 15  905        00000002 0        0        0     2        0        29973   
0000000000000000 15  1435       00000002 0        0        0     2        0        34774   
0000000000000000 15  2931876471 00000002 0        0        0     2        0        28776   
0000000000000000 15  878        00000002 0        0        0     2        0        29984   
0000000000000000 15  1186       00000002 0        0        0     2        0        33057   
0000000000000000 15  3213227066 00000002 0        0        0     2        0        31707   
0000000000000000 15  911        00000002 0        0        0     2        0        29384   
0000000000000000 15  2958487404 00000002 0        0        0     2        0        30626   
0000000000000000 15  1115       00000002 0        0        0     2        0        31941   
0000000000000000 15  2079       00000002 0        0        0     2        0        38392   
0000000000000000 15  2482328739 00000002 0        0        0     2        0        28777   
0000000000000000 16  0          00000000 0        0        0     2        0        2052    
0000000000000000 16  3162506119 00000000 0        0        0     2        0        34865   
0000000000000000 16  879        00000004 0        0        0     2        0        27141   
0000000000000000 16  301990791  00000000 0        0        0     2        0        34869   
0000000000000000 16  4102030216 00000000 0        0        0     2        0        30709   
0000000000000000 16  3879732103 000001e0 0        0        0     2        0        34866   
0000000000000000 18  0          00000000 0        0        0     2        0        9       
