00000000000000000000000000000001 80 00000000000000000000000000000000 00 00000000000000000000000000000000 00000100 00000002 00000000 00000001       lo
240149002347ac2d0000000000000000 40 00000000000000000000000000000000 00 00000000000000000000000000000000 00000258 00000005 00000000 00000001 wlp0s20f3
fe800000000000000000000000000000 40 00000000000000000000000000000000 00 00000000000000000000000000000000 00000100 00000001 00000000 00000001 wlp0s20f3
fe800000000000000000000000000000 40 00000000000000000000000000000000 00 00000000000000000000000000000000 00000258 00000001 00000000 00000001 wlp0s20f3
00000000000000000000000000000000 00 00000000000000000000000000000000 00 fe80000000000000a83e0efffe6dbf0c 00000258 00000005 00000000 08000003 wlp0s20f3
00000000000000000000000000000001 80 00000000000000000000000000000000 00 00000000000000000000000000000000 00000000 00000006 00000000 80200001       lo
240149002347ac2d08c560991d09858a 80 00000000000000000000000000000000 00 00000000000000000000000000000000 00000000 00000006 00000000 80200001 wlp0s20f3
240149002347ac2d197442a3c57b28d2 80 00000000000000000000000000000000 00 00000000000000000000000000000000 00000000 00000003 00000000 80200001 wlp0s20f3
fe80000000000000fa9c8021d9289ac0 80 00000000000000000000000000000000 00 00000000000000000000000000000000 00000000 00000006 00000000 80200001 wlp0s20f3
ff000000000000000000000000000000 08 00000000000000000000000000000000 00 00000000000000000000000000000000 00000100 00000006 00000000 00000001 wlp0s20f3
00000000000000000000000000000000 00 00000000000000000000000000000000 00 00000000000000000000000000000000 ffffffff 00000001 00000000 00200200       lo
